id	rate
01001	-0.18750000000000003
01003	-0.2916666666666667
01005	0
01007	-0.9375
01009	2.0
01011	0
01013	0
01015	-0.734375
01017	-1.0406249999999997
01019	4.0
01021	0
01023	0
01025	0
01027	0
01029	0
01031	0.0
01033	-0.3759057971014492
01035	0
01037	0
01039	-4.5
01041	0
01043	1.0
01045	1.0586263020833333
01047	0
01049	0
01051	0.20833333333333331
01053	0.0
01055	0.3290123456790124
01057	0
01059	-1.5625
01061	0.11872952497952502
01063	0
01065	-0.41666666666666663
01067	0
01069	0
01071	-1.5
01073	0.1621829012244281
01075	0
01077	0.2727272727272727
01079	0
01081	-0.01768874085684431
01083	-0.05830672799422797
01085	0
01087	-0.015852272727272722
01089	-0.006345347248057197
01091	0
01093	0
01095	1.0
01097	0.024920634920634902
01099	0
01101	-0.23935554570527973
01103	-0.023897058823529358
01105	0
01107	0
01109	-0.19642857142857145
01111	0
01113	0.7492585630743527
01115	-0.25
01117	0.2947750438559262
01119	0
01121	-0.5
01123	0
01125	-0.22369186046511633
01127	0.0
01129	0
01131	0
01133	0
02013	0
02016	0
02020	0.010416666666666666
02050	0
02060	0
02068	0
02070	0
02090	0.6825432054924242
02100	0
02105	0
02110	-0.5885416666666667
02122	0.0
02130	0.0
02150	0
02158	0
02164	0
02170	-0.10499999999999998
02180	0
02185	0
02188	0
02195	0
02198	0
02220	0
02230	0
02240	0
02261	0
02275	0
02282	0
02290	0
04001	-0.043743407652903195
04003	0.3264572786478932
04005	0.15909090909090912
04007	-0.08148148148148143
04009	-0.4583333333333333
04011	0
04012	0
04013	0.02189459335189399
04015	-0.39492009003727757
04017	0.6666666666666666
04019	-0.01327504321394049
04021	0.004503879253056915
04023	-0.6249999999999998
04025	0.1784226190476191
04027	0.4141495694022289
05001	0
05003	0
05005	0
05007	-0.17311795491143317
05009	-0.1666666666666667
05011	0
05013	0
05015	0
05017	0
05019	0.0
05021	0
05023	0
05025	2.5
05027	1.55517578125
05029	0.0
05031	-0.05729166666666668
05033	0.0
05035	0.12334249023179475
05037	0
05039	0
05041	0
05043	0
05045	-0.16961279461279452
05047	0
05049	0
05051	-0.0416666666666667
05053	0
05055	0
05057	0
05059	0
05061	0
05063	0
05065	0
05067	0
05069	0
05071	0
05073	0
05075	0
05077	0.0
05079	0
05081	0
05083	0
05085	0
05087	0
05089	0
05091	0
05093	0
05095	0
05097	0
05099	0
05101	0
05103	0
05105	0
05107	0
05109	0
05111	0
05113	0
05115	0
05117	0
05119	0.3872235082304527
05121	0
05123	-4.0
05125	-0.0020355017006802724
05127	0
05129	0
05131	0.10833333333333331
05133	0.0
05135	0
05137	0
05139	1.1130952380952381
05141	0
05143	-0.48958333333333337
05145	0.31439393939393945
05147	0
05149	0.47990451388888894
06001	-0.25971921162491984
06003	0
06005	0.05555555555555555
06007	-0.06822916666666667
06009	0.25
06011	0
06013	-0.14829066155717097
06015	0
06017	0.05866815476190475
06019	-0.13725423881673884
06021	0
06023	-0.3229166666666666
06025	-0.3750000000000001
06027	1.611111111111111
06029	-0.20694304631574864
06031	1.1912202380952381
06033	0.0
06035	0
06037	0.11279826692709218
06039	0.0
06041	-0.28181547619047614
06043	0
06045	0.3736013986013986
06047	-0.5694444444444445
06049	0
06051	0.3125
06053	0.2284505772005772
06055	-0.21703273809523815
06057	-0.7104591836734694
06059	0.06443625034990605
06061	-0.12186158274785325
06063	0
06065	-0.011036987074700536
06067	0.06409602499028234
06069	-0.4583333333333333
06071	0.03683671830993257
06073	-0.02202166127863556
06075	0.35256410256410253
06077	-0.0023800111027053065
06079	-0.10587683588761183
06081	-0.12765072703032268
06083	-0.062290418616176235
06085	0.013977320255437202
06087	0.03848880671797342
06089	0.7611607142857142
06091	0
06093	0.0
06095	-0.14690638485597204
06097	-0.3521951394194041
06099	0.18655911036529013
06101	0.47619047619047616
06103	-0.49583333333333324
06105	0
06107	-0.24687252711446253
06109	0.5625
06111	0.15729871994041728
06113	-0.13465277197170974
06115	-0.9545454545454546
08001	0.12509625040063352
08003	0.0
08005	-0.08915906788247212
08007	0
08009	0.2916459363438037
08011	-1.5000000000000002
08013	0.07314072735421055
08014	0
08015	0
08017	0
08019	0
08021	0
08023	0
08025	0
08027	0
08029	0.022350368451459053
08031	0.125
08033	0
08035	-0.07127621882086164
08037	0.036525478948593974
08039	0
08041	-0.15497855816260617
08043	0.0
08045	0.4166666666666667
08047	0
08049	0
08051	0.0
08053	0
08055	0.8125
08057	0
08059	-0.010156794499906767
08061	0
08063	0
08065	0
08067	0.8263888888888888
08069	0.1592881944444444
08071	0
08073	0
08075	0
08077	-0.1065266927083333
08079	0
08081	0
08083	0.37386621315192736
08085	0.0
08087	0.10427381260714597
08089	0.8333333333333334
08091	0
08093	-1.2857142857142856
08095	0
08097	1.296875
08099	0
08101	-0.2222222222222222
08103	0
08105	0
08107	0
08109	0
08111	0
08113	0
08115	0
08117	0.0
08119	0
08121	0
08123	-0.053280824114157486
08125	0
09001	0.02893101453840891
09003	0.1475403800843255
09005	0.001003336940836927
09007	0.19564732142857136
09009	0.06018830907417866
09011	-0.12899347716420884
09013	-0.027343749999999972
09015	-0.2936587591240876
10001	-0.7465213358070499
10003	0.25690521029504076
10005	0.27485447145401115
11001	0.46781200031200026
12001	0.10129448284690222
12003	0
12005	0.13308826525169273
12007	-0.7916666666666667
12009	0.02169427252435062
12011	-0.03824497340832565
12013	0
12015	-0.2868957126769627
12017	0.318452380952381
12019	0.3191376879699249
12021	0.625
12023	0.19642857142857142
12027	1.25
12029	0
12031	0.2643743103301926
12033	0.517898137216319
12035	0.16666666666666666
12037	-0.7916666666666666
12039	0
12041	0
12043	-0.8197916666666666
12045	0
12047	0
12049	0
12051	0.13333333333333333
12053	-0.35378336940836946
12055	0.05555555555555555
12057	-0.05659865096637007
12059	0
12061	0.3297101449275364
12063	0
12065	0
12067	0
12069	0.5785808129558131
12071	0.10545475402595783
12073	0.20272817460317472
12075	0
12077	0
12079	0
12081	0.1630143269428984
12083	-0.10858137482782375
12085	0.09128526381264787
12086	0.18768479312969982
12087	-0.094326483175915
12089	0.17857142857142858
12091	-0.11399147727272732
12093	-0.8197916666666666
12095	0.13081616750478367
12097	-0.34400127923976614
12099	0.12098524576257683
12101	-0.1170784202677846
12103	0.13629891468898164
12105	-0.03115259740259743
12107	2.75
12109	0.455213133640553
12111	-0.29180939612821627
12113	0.03391970552987505
12115	-0.2865006900318919
12117	-0.05217255855594271
12119	-0.04247511686009026
12121	0
12123	-1.1875
12125	0
12127	-0.07578229062604065
12129	0
12131	0
12133	0
13001	0
13003	0
13005	0
13007	0
13009	-0.261904761904762
13011	0
13013	0
13015	0
13017	0
13019	0
13021	-0.13303571428571423
13023	0
13025	0
13027	0
13029	0.20322140742399358
13031	-0.3333333333333333
13033	0
13035	0
13037	0
13039	-0.23958333333333334
13043	0
13045	-0.697420634920635
13047	0.7916666666666666
13049	0
13051	0.18280774465433564
13053	0
13055	0
13057	0.05324771954236234
13059	0
13061	0
13063	-0.611328125
13065	0
13067	-0.08844765756842025
13069	0
13071	0.0
13073	-0.35
13075	0
13077	-0.4471343873517787
13079	0.0
13081	0
13083	0.02500971250971251
13085	0
13087	0.0
13089	0.09073661416454988
13091	0
13093	0
13095	-4.0
13097	-0.16185897435897434
13099	0
13101	0
13103	0
13105	0
13107	0
13109	0
13111	0
13113	-0.34375
13115	0.13160707605152044
13117	1.953125
13119	0
13121	0.10990936828240258
13123	-0.02083333333333329
13125	0
13127	-0.6442307692307693
13129	0
13131	0
13133	0
13135	-0.08005402456621968
13137	0.6279761904761905
13139	0.35714285714285715
13141	0
13143	0
13145	0
13147	0.0
13149	0
13151	-0.09234098228663448
13153	0.03602430555555553
13155	1.25
13157	-0.5833333333333334
13159	0
13161	0.0
13163	0
13165	0
13167	0
13169	0.0
13171	0
13173	0
13175	0
13177	0.0
13179	0
13181	0
13183	-2.183293269230769
13185	-0.5529691043083901
13187	0
13189	0.6818181818181818
13191	0
13193	0
13195	0
13197	0
13199	-1.0
13201	0
13205	0
13207	0
13209	0.0
13211	0.25
13213	0.0
13215	0
13217	0
13219	-0.11471167721167722
13221	0
13223	0.8333333333333333
13225	0.0
13227	0
13229	0
13231	1.75
13233	5.0
13235	0
13237	-1.0625
13239	0
13241	0
13243	0.0
13245	0.1542239010989011
13247	0.296875
13249	0
13251	0
13253	0
13255	0.5833333333333334
13257	0
13259	0
13261	0
13263	0
13265	0
13267	0
13269	0
13271	0
13273	0
13275	0.9642857142857142
13277	1.220703125
13279	0.0
13281	0
13283	0
13285	0
13287	0
13289	0
13291	0
13293	0
13295	-0.47916666666666674
13297	0.055555555555555546
13299	1.0
13301	0
13303	0
13305	1.6913265306122451
13307	0
13309	0
13311	0
13313	0.20297619047619062
13315	0.1985437163846254
13317	0
13319	0
13321	0
15001	-0.4583333333333333
15003	0.14516369047619052
15007	-0.42261904761904756
15009	0.5357142857142857
16001	0.17770359288810095
16003	0
16005	0.3125
16007	0
16009	0
16011	0.0
16013	-0.5
16015	0
16017	-1.875
16019	-0.4718915343915346
16021	0
16023	0
16025	0
16027	0.1349206349206349
16029	0
16031	0
16033	0
16035	0
16037	0
16039	-1.0
16041	0
16043	0
16045	0
16047	0
16049	0
16051	1.6666666666666667
16053	0
16055	0.0
16057	0.9642857142857143
16059	0
16061	0
16063	0
16065	0.20833333333333334
16067	0
16069	0.4375
16071	0
16073	0
16075	0
16077	0.0
16079	0
16081	0
16083	0.41815476190476186
16085	0.09188262978156585
16087	0.625
17001	0.04545454545454547
17003	0
17005	0
17007	-0.10667049963924968
17009	0.4166666666666667
17011	0.0
17013	0
17015	2.5
17017	0
17019	0.5527473314707358
17021	0
17023	-0.1875
17025	0
17027	1.025
17029	-1.111111111111111
17031	-0.015654991394734762
17033	0
17035	-0.1875
17037	-0.20032051282051283
17039	0
17041	0
17043	-0.14547855718237881
17045	0
17047	0
17049	0.0
17051	0
17053	0
17055	0
17057	0
17059	0.20034706045823847
17061	0
17063	-0.6289062500000001
17065	0
17067	0
17069	0
17071	0
17073	-0.3409090909090909
17075	0
17077	0.05952380952380949
17079	0
17081	0.9375
17083	-1.1666666666666667
17085	0.0
17087	0
17089	0.30534136002886014
17091	0.886904761904762
17093	0.08568466655247234
17095	-1.0
17097	0.48237798299708684
17099	-0.390625
17101	0
17103	0.5717532467532468
17105	0.0
17107	-0.21354166666666666
17109	-0.041666666666666685
17111	-0.11999041339319118
17113	-0.46298840048840045
17115	-0.7231218434343434
17117	0
17119	-0.2534013605442176
17121	0
17123	0
17125	0
17127	0
17129	0
17131	0
17133	0.4
17135	-0.22678170594837266
17137	0
17139	0
17141	-0.004464285714285714
17143	-0.6404761904761903
17145	0
17147	0.0
17149	0
17151	0
17153	0
17155	0
17157	1.0416666666666667
17159	2.166666666666667
17161	0.049865591397849476
17163	-0.25
17165	0.2962339743589744
17167	-0.1351686507936508
17169	0
17171	0
17173	0
17175	0
17177	-1.4819444444444445
17179	-0.20833333333333334
17181	0.0
17183	-0.5000000000000001
17185	0
17187	-1.0
17189	-0.8256283068783069
17191	0
17193	0
17195	0
17197	0.012442893676851053
17199	0.6924293154761904
17201	0.3178030303030303
17203	-0.19642857142857148
18001	0
18003	-0.1491319444444444
18005	-0.5995370370370371
18007	0
18009	-1.3333333333333333
18011	-0.495511451863354
18013	0
18015	0
18017	1.25
18019	0.2777777777777778
18021	0.0
18023	0.0
18025	0
18027	1.390625
18029	0.7
18031	0
18033	0.7828282828282828
18035	0.5810065453384419
18037	2.5
18039	-0.16666666666666657
18041	2.5
18043	-0.6691849816849818
18045	0
18047	0
18049	0
18051	1.4285714285714284
18053	2.2580645161290325
18055	0
18057	-0.08626302083333331
18059	0.4
18061	0
18063	-0.04407548683378941
18065	0.11111111111111109
18067	-0.1583017676767677
18069	0.10807291666666671
18071	-0.49801110347985345
18073	0
18075	0
18077	-0.24999999999999997
18079	0.5611979166666666
18081	-0.04166666666666665
18083	0
18085	0.041666666666666685
18087	-0.04166666666666663
18089	-0.11408217729240447
18091	-0.2074126683501684
18093	0.28224206349206354
18095	0.556640625
18097	-0.10962182348901098
18099	0.08333333333333333
18101	0
18103	0.0
18105	0
18107	0.875
18109	-0.08673921164305777
18111	0
18113	0.0
18115	0
18117	0
18119	0
18121	0
18123	0
18125	0
18127	-0.5621805856180856
18129	0.1945946848290599
18131	0
18133	0.75
18135	0.0
18137	0
18139	-0.9166666666666667
18141	0.12280673110414501
18143	2.0
18145	-0.3333333333333333
18147	0
18149	0
18151	0
18153	0
18155	0.0
18157	-0.4865117561303825
18159	-0.11680555555555557
18161	0
18163	0.1900917658730159
18165	0.0
18167	0.23846153846153845
18169	0.0
18171	0
18173	-0.044642857142857144
18175	0
18177	0.5992647058823529
18179	0
18181	2.5
18183	0
19001	0
19003	0
19005	0.0
19007	0.0
19009	0
19011	0
19013	-0.6
19015	-0.23888888888888887
19017	1.1388888888888888
19019	0.8333333333333334
19021	0
19023	0
19025	0
19027	0
19029	0
19031	0
19033	0.0
19035	0
19037	0
19039	-0.5357142857142857
19041	-1.2499999999999998
19043	1.0
19045	0.5625000000000001
19047	0
19049	-0.001315789473684276
19051	0
19053	0
19055	0
19057	-2.25
19059	4.0
19061	0.4227335164835165
19063	0
19065	0
19067	0
19069	0
19071	0
19073	0
19075	-0.007106737897179125
19077	0
19079	0
19081	0
19083	0
19085	0
19087	0.0
19089	0
19091	0
19093	0
19095	0
19097	0
19099	-1.25
19101	0.0
19103	-0.14663182346109177
19105	0
19107	0
19109	0
19111	-0.08333333333333333
19113	-0.05313051146384476
19115	0
19117	0
19119	0
19121	0
19123	0
19125	1.4285714285714284
19127	0
19129	2.375
19131	0.33333333333333326
19133	0.5909090909090908
19135	0
19137	5.0
19139	0.3833333333333334
19141	0
19143	0
19145	0
19147	0.0
19149	-3.0
19151	0
19153	0.23307479557479555
19155	0.41179653679653677
19157	0
19159	0
19161	0
19163	0.06244348252866608
19165	0.5
19167	0
19169	0
19171	0
19173	0
19175	0
19177	0
19179	1.0
19181	-0.08208851134497688
19183	0
19185	0
19187	1.9
19189	0
19191	0
19193	0.0
19195	0
19197	0
20001	0
20003	0
20005	0
20007	0
20009	-0.8333333333333334
20011	-0.125
20013	0
20015	-0.012755102040816313
20017	0
20019	0
20021	0
20023	-0.5
20025	0
20027	0
20029	0
20031	0
20033	0
20035	-1.1666666666666667
20037	-0.7994876217532467
20039	0
20041	0
20043	0
20045	0
20047	0
20049	0
20051	0.41666666666666674
20053	0.0
20055	0.5
20057	1.25
20059	0.0
20061	-0.5
20063	0
20065	0
20067	0
20069	0
20071	0
20073	0
20075	0
20077	0
20079	0
20081	0
20083	0
20085	0
20087	0
20089	0
20091	-0.09394505105503165
20093	0
20095	0
20097	0
20099	-1.0
20101	0
20103	-1.375
20105	0
20107	0
20109	0
20111	0.0
20113	0.0
20115	0
20117	0
20119	0
20121	0.0
20123	0
20125	0.38888888888888884
20127	0
20129	0.2916459363438037
20131	0
20133	0
20135	0
20137	0.0
20139	0
20141	0
20143	0
20145	0
20147	0
20149	0
20151	0
20153	0
20155	0
20157	0
20159	-1.0
20161	0.1978021978021978
20163	0
20165	0
20167	1.75
20169	2.125
20171	0.4166666666666667
20173	-0.053590217652717646
20175	0
20177	-0.4264705882352941
20179	0
20181	-0.625
20183	0
20185	0
20187	0
20189	0
20191	0
20193	2.5
20195	0
20197	0
20199	0
20201	0
20203	0
20205	0
20207	0
20209	-1.0000000000000002
21001	0.18749999999999994
21003	0
21005	0.16666666666666666
21007	0
21009	1.8458333333333332
21011	0
21013	0
21015	0.14996924986951576
21017	0
21019	-1.3333333333333333
21021	1.5
21023	0
21025	0
21027	0
21029	0.32821584545722476
21031	0
21033	0.175
21035	0.29545454545454547
21037	0.25613839285714285
21039	0
21041	0
21043	0
21045	0
21047	-1.3125
21049	1.1805555555555556
21051	0
21053	0
21055	0
21057	0
21059	0.23263888888888884
21061	0
21063	0
21065	-2.1875
21067	1.4404761904761902
21069	0
21071	0.0
21073	0.8107638888888888
21075	0
21077	0
21079	0.0
21081	0
21083	0
21085	0
21087	0
21089	-0.12499999999999999
21091	0
21093	0.6056547619047619
21095	0
21097	0
21099	0
21101	0.834375
21103	0
21105	0
21107	-0.5
21109	0
21111	0.05843578982240176
21113	1.0
21115	0
21117	-0.20215455840455837
21119	0
21121	0.11029411764705882
21123	0
21125	0.0
21127	0
21129	0
21131	0
21133	-0.08849874084249086
21135	0
21137	0
21139	0
21141	0
21143	0
21145	0
21147	0
21149	0
21151	0.2040816326530612
21153	0
21155	0
21157	0
21159	0.11029411764705882
21161	-1.3703703703703705
21163	0
21165	0
21167	0
21169	0
21171	0
21173	0
21175	0
21177	-2.6666666666666665
21179	0
21181	0
21183	0
21185	0.0
21187	0.02703456622789751
21189	0
21191	0
21193	0.625
21195	-0.015625
21197	0
21199	0.8482142857142857
21201	0
21203	-0.875
21205	0
21207	0
21209	0.02383207070707072
21211	1.5
21213	0
21215	0
21217	0
21219	0
21221	0
21223	0
21225	0
21227	-0.15046399960193063
21229	0
21231	0
21233	0
21235	0.0
21237	0
21239	1.9166666666666665
22001	0
22003	0.12499999999999997
22005	0.35
22007	0
22009	0
22011	-1.0550595238095237
22013	0
22015	0
22017	-0.03366192095700295
22019	-0.11458333333333329
22021	0
22023	0
22025	0
22027	0.125
22029	0
22031	0
22033	-0.06943700213517287
22035	0
22037	0
22039	0
22041	0
22043	0
22045	0.0
22047	1.25
22049	0
22051	0.07450356089405462
22053	0
22055	0.2474961180124224
22057	0.0
22059	0
22061	0.5
22063	2.3333333333333335
22065	0
22067	-1.5333333333333334
22069	1.636284722222222
22071	0.0
22073	0.12270585317460318
22075	1.4861111111111112
22077	0
22079	-0.9055555555555553
22081	0
22083	0
22085	0
22087	0.125
22089	1.0160180097680096
22091	0
22093	-1.0729166666666665
22095	-2.890625
22097	0
22099	0.05230394846280267
22101	0
22103	-0.165347923681257
22105	-0.447265625
22107	0
22109	-0.0773809523809524
22111	0
22113	0.1768439440993789
22115	-0.5010416666666667
22117	0.0
22119	0.0
22121	0.03752651348137461
22123	0
22125	0
22127	0
23001	0.239337822671156
23003	0
23005	-0.06863789363789365
23007	0.5989583333333334
23009	1.0069444444444446
23011	-0.170014880952381
23013	0.0
23015	0
23017	0.0
23019	0.031249999999999993
23021	0
23023	-1.5050505050505052
23025	0
23027	0
23029	0
23031	-0.2743724545739346
24001	0.0
24003	-0.032795176254895315
24005	-0.10146818925030728
24009	-0.1674107142857143
24011	0
24013	-0.49074074074074076
24015	-0.19636497761497765
24017	0.3805052160315318
24019	-0.65625
24021	0.2705853174603174
24023	0
24025	-0.018043154761904767
24027	0.020179947356498026
24029	0
24031	0.07134373578239322
24033	0.056003117899705045
24035	0.6829985119047619
24037	0.38106833642547927
24039	0.04673615857826381
24041	0
24043	0.26193181818181815
24045	0.13832319098725349
24047	0.26728395061728394
24510	-0.13489664984649552
25001	0.08563871837797618
25003	-0.46875
25005	0.17251234874955848
25007	0
25009	0.031390496838687616
25011	-0.29611748783623804
25013	0.137996429632459
25015	0.018005952380952372
25017	0.1380499434782778
25019	-0.4375
25021	0.0418035455215247
25023	0.20560009004776447
25025	0.012520915845383944
25027	0.13728570131756412
26001	0
26003	0
26005	0.0
26007	0.0
26009	0
26011	0
26013	0
26015	-2.0
26017	0.8833333333333334
26019	0
26021	-0.20052083333333337
26023	0.0
26025	0.9375
26027	0
26029	0.23190235690235692
26031	0
26033	-1.0
26035	3.0
26037	-0.3125
26039	0
26041	-0.12499999999999997
26043	0
26045	0.3965804055361983
26047	-0.8888888888888888
26049	0.5943738859180034
26051	0
26053	0
26055	-0.2583333333333333
26057	0.0
26059	1.6875
26061	0
26063	0
26065	0.23369007535674194
26067	-1.0
26069	0
26071	0
26073	-0.4199179292929292
26075	-0.09210689484126984
26077	0.00012992649711399246
26079	0
26081	0.17157675306409487
26083	0
26085	0
26087	0
26089	-0.49999999999999994
26091	0.25
26093	-0.40830498866213155
26095	0
26097	0
26099	-0.17624852986895673
26101	0.0
26103	0.21969696969696972
26105	0
26107	-0.43933531746031745
26109	0
26111	0.35
26113	0
26115	0.10493607954545453
26117	0
26119	0
26121	-1.75
26123	0
26125	0.13109200866250087
26127	-0.5277777777777778
26129	0
26131	0
26133	0
26135	0
26137	0
26139	-0.16132363505747124
26141	0
26143	0
26145	0.06181547619047617
26147	0.0674906391501219
26149	-0.65625
26151	0
26153	0
26155	1.25
26157	0
26159	-3.875
26161	0.0917800008059317
26163	0.09346322865220863
26165	0
27001	0
27003	0.14473684210526316
27005	0
27007	0.5
27009	0
27011	0
27013	-0.8055555555555556
27015	0
27017	-1.2833333333333334
27019	0.04471207087486157
27021	0
27023	0
27025	0
27027	-0.20833333333333337
27029	0
27031	0
27033	0
27035	0
27037	-0.22363734750098385
27039	0.8333333333333334
27041	0
27043	0
27045	0
27047	0
27049	0
27051	0
27053	-0.30880984419091423
27055	-0.7782738095238094
27057	0
27059	-2.0
27061	0
27063	0
27065	0
27067	-1.0208333333333335
27069	0
27071	0
27073	0
27075	0
27077	0
27079	0.0
27081	0
27083	0.0
27085	0
27087	0
27089	0
27091	0
27093	0
27095	0
27097	0
27099	0.29563492063492064
27101	0
27103	0.0
27105	0
27107	0
27109	0.4305555555555556
27111	-1.375
27113	0
27115	0
27117	0.0
27119	0.052469135802469244
27121	0
27123	0.2158689535440613
27125	0
27127	0
27129	0
27131	-0.07994541690193863
27133	0
27135	0
27137	-1.1138392857142858
27139	-0.3754919323101141
27141	0
27143	0.0
27145	-0.37103174603174605
27147	0.0
27149	0
27151	0
27153	-1.0
27155	0
27157	0
27159	0
27161	0
27163	0.496875
27165	0
27167	0
27169	0.0
27171	0.41145833333333337
27173	0
28001	0
28003	-2.0
28005	0
28007	-2.0
28009	0
28011	0.0
28013	0
28015	0
28017	0.0
28019	0
28021	0
28023	0
28025	-3.90625
28027	-0.10555555555555557
28029	0.4076086956521739
28031	0
28033	-0.11272862155052421
28035	0
28037	0
28039	0
28041	0
28043	0
28045	-1.1047619047619048
28047	-0.45694444444444443
28049	0.3232758620689655
28051	0
28053	0
28055	0
28057	0
28059	-0.2633155534941249
28061	0
28063	0
28065	0
28067	0.6096230158730159
28069	0
28071	-0.1051587301587302
28073	0.32954545454545453
28075	0.0
28077	0
28079	0
28081	-0.5672268907563025
28083	0
28085	0
28087	0.2222222222222222
28089	-0.07142857142857144
28091	0
28093	0
28095	0
28097	0
28099	0
28101	0
28103	0
28105	0.9518461681547619
28107	0
28109	-1.0260416666666665
28111	0
28113	0.06250000000000004
28115	0
28117	0
28119	0
28121	-0.2333333333333333
28123	0
28125	0
28127	0
28129	0
28131	0
28133	0.0
28135	0
28137	0
28139	0
28141	0
28143	0
28145	0
28147	0
28149	0
28151	0
28153	0
28155	0
28157	0
28159	0
28161	0.6
28163	0
29001	0.6259615384615385
29003	0
29005	0
29007	0
29009	0.5477430555555556
29011	0.0
29013	0
29015	0
29017	0
29019	0
29021	0.9375
29023	-0.4424603174603175
29025	0
29027	0
29029	0
29031	0.4375
29033	0
29035	0
29037	-0.06931614186078472
29039	0
29041	0
29043	0.6666666666666666
29045	-0.625
29047	0.8076704545454544
29049	0
29051	-0.30517578125
29053	0
29055	0
29057	0
29059	0
29061	0
29063	0
29065	0
29067	0
29069	0
29071	0.5714285714285715
29073	0
29075	0
29077	0.8
29079	0
29081	-0.5
29083	0
29085	0
29087	0
29089	0
29091	0
29093	0
29095	0.42217417998668
29097	0.04166666666666666
29099	0.1999435184453089
29101	0
29103	0
29105	2.0
29107	0.0
29109	0.0
29111	0
29113	0
29115	0
29117	0
29119	0
29121	0
29123	0
29125	0
29127	0
29129	0
29131	0
29133	0
29135	0
29137	0
29139	0
29141	0
29143	-0.07555940289248737
29145	0.05753968253968257
29147	3.0833333333333335
29149	0
29151	0
29153	0
29155	0
29157	-0.8
29159	0
29161	0.0
29163	0
29165	-1.28125
29167	0
29169	0.0
29171	0
29173	0
29175	0.0
29177	0
29179	0
29181	0
29183	-0.19719196428571437
29185	0
29186	0
29187	0.5
29189	0.15344182294602146
29195	0
29197	0
29199	0
29201	0
29203	0.19623743010461758
29205	0
29207	0
29209	-0.16250000000000006
29211	0
29213	0.0
29215	0
29217	0
29219	0.0
29221	0
29223	0
29225	0
29227	0
29229	0
29510	0
30001	-1.0
30003	0
30005	0
30007	0
30009	0
30011	0
30013	-0.42857142857142855
30015	0
30017	0
30019	0
30021	0.7142857142857142
30023	0
30025	-0.933361391694725
30027	0.0
30029	1.1585648148148149
30031	-0.6555555555555556
30033	0
30035	0
30037	0
30039	0
30041	0.0
30043	0
30045	0
30047	0
30049	-0.625
30051	0
30053	0
30055	0
30057	0
30059	0
30061	0
30063	0.7140407452907453
30065	0
30067	-2.0
30069	0
30071	0
30073	0
30075	0
30077	0
30079	0.0
30081	0
30083	0
30085	0
30087	0
30089	0
30091	0
30093	0.09254807692307693
30095	0
30097	0
30099	0
30101	0
30103	0
30105	-0.7559974747474747
30107	0
30109	0
30111	0.9791666666666667
31001	-2.0
31003	0
31005	0
31007	0
31009	0
31011	0
31013	0.3333333333333333
31015	0
31017	0
31019	0.0
31021	0
31023	0.0
31025	0
31027	0
31029	0
31031	0
31033	0
31035	0
31037	0
31039	0
31041	0
31043	0.5
31045	-1.875
31047	0.0
31049	0
31051	0
31053	0
31055	0.564774731441398
31057	0
31059	0
31061	0
31063	0
31065	0.0
31067	-0.09830595991310277
31069	0
31071	0
31073	0
31075	0
31077	0
31079	0.0
31081	0
31083	0
31085	0
31087	0
31089	0
31091	0
31093	0
31095	0
31097	0
31099	0.0
31101	0
31103	0
31105	0
31107	0
31109	-0.08507508116883117
31111	0
31113	0
31115	0
31117	0
31119	0
31121	0
31123	0
31125	0
31127	0
31129	0
31131	0
31133	0
31135	0
31137	0
31139	0
31141	0
31143	0
31145	0
31147	0
31149	0
31151	0
31153	0.23700063598840784
31155	0.0
31157	0.0
31159	0
31161	0
31163	0
31165	0.5172123015873015
31167	0
31169	0
31171	0
31173	0
31175	0
31177	0
31179	0.0
31181	0
31183	0
31185	-0.49999999999999994
32001	-0.46875
32003	-0.01956636909185152
32005	-0.19097222222222218
32007	0.38988095238095233
32009	0
32011	0
32013	0.2464305582343948
32015	0.0
32017	-0.49754580436398615
32019	0.25
32021	0
32023	-1.2857142857142858
32027	0
32029	0.0
32031	-0.1840056603449462
32033	0
32510	0
33001	0
33003	0
33005	-0.32388823297914204
33007	0
33009	0.05208333333333326
33011	0.10480377474620889
33013	0.3802083333333333
33015	-0.10384267015777417
33017	0.6015625
33019	1.7812499999999998
34001	-0.24312601461038955
34003	0.03431143290649592
34005	0.23396702350190718
34007	0.07798577290764788
34009	-0.5869047619047619
34011	-0.2083333333333334
34013	-0.0700944458727026
34015	-0.0348161676286676
34017	0.42818155134599317
34019	0.3229284302653867
34021	-0.1847363945578231
34023	0.04734547565847695
34025	0.2300637987905934
34027	0.10681708027521185
34029	0.17626503357753356
34031	-0.20594261214535917
34033	0.65625
34035	-0.09968475314942703
34037	-0.5174534460248745
34039	-0.17009351978012435
34041	1.1183712121212122
35001	-0.23260330907931323
35003	0
35005	-1.125
35006	0
35007	-1.3333333333333333
35009	-2.5
35011	0
35013	-0.25
35015	0
35017	-0.3125
35019	0
35021	0
35023	0.3264572786478932
35025	0.5178571428571429
35027	0.0
35028	0
35029	0
35031	1.5
35033	0
35035	0.14502164502164502
35037	0
35039	0.9166666666666667
35041	-3.0
35043	-0.20400035014005602
35045	1.0648148148148149
35047	-1.3333333333333333
35049	0.4491744614512471
35051	0.23101025132275133
35053	2.5
35055	0.2102272727272727
35057	0
35059	0
35061	0.6362433862433863
36001	-0.13514955303459766
36003	-0.32653061224489793
36005	0.24067298787448044
36007	-0.012799390589569146
36009	-0.3166666666666667
36011	-0.6582623106060607
36013	-0.07399966931216927
36015	0.5407366071428571
36017	0.3750000000000002
36019	-0.14285714285714288
36021	-0.125
36023	-0.9874999999999996
36025	1.25
36027	0.013161314110936838
36029	-0.4629544157730434
36031	-1.15625
36033	0
36035	0.875
36037	0.0
36039	0.0
36041	0
36043	0.0
36045	0.11517857142857135
36047	0.023044359120442753
36049	-1.875
36051	-0.27083333333333337
36053	-0.020833333333333186
36055	0.365088553334292
36057	0.5583333333333333
36059	0.2207879874163821
36061	0.07950853040842623
36063	0.293566200591489
36065	-0.08327843653930611
36067	0.17112205100895567
36069	-0.13104056437389774
36071	-0.05070664629488163
36073	0.5841836734693878
36075	-0.47395833333333326
36077	0.5666666666666667
36079	-0.32031250000000006
36081	0.37401698857885707
36083	0.05435558721881773
36085	0.2644952170486939
36087	0.026830013970112362
36089	-0.21969696969696972
36091	-0.032975862521317005
36093	0.1408730158730159
36095	0
36097	0
36099	0
36101	1.0000000000000002
36103	0.11469655429084566
36105	0.3784722222222222
36107	-0.793560606060606
36109	0.03472222222222223
36111	0.027606443036130558
36113	0.49999999999999994
36115	0
36117	0.17863343253968253
36119	0.08063844216593667
36121	0
36123	0.0
37001	0.501953125
37003	0.0
37005	0
37007	0
37009	0.5
37011	0
37013	0
37015	0
37017	0
37019	-0.2692057291666667
37021	0.048809523809523844
37023	-0.9722222222222223
37025	0.40624999999999994
37027	-0.09876543209876548
37029	0
37031	-0.24724789004143322
37033	0.425
37035	0.3456181129476584
37037	-0.06233936974921523
37039	0
37041	0
37043	0
37045	0.16502976190476193
37047	0
37049	-0.5
37051	0
37053	0
37055	0
37057	0.36126846472241203
37059	0.26295032208660696
37061	0
37063	-0.11514149587391771
37065	0
37067	-0.4725115740740741
37069	0.0
37071	-0.08442460317460318
37073	0
37075	0
37077	-0.5208333333333333
37079	0
37081	-0.05631163932448562
37083	0
37085	-0.2790803170226424
37087	-2.0
37089	0.14067290733957385
37091	0.0
37093	-0.2790994680700562
37095	0
37097	0.2727591036414565
37099	-0.25
37101	-3.03125
37103	-0.5
37105	1.125
37107	0.0
37109	-0.1623064435564436
37111	1.2174479166666667
37113	1.1160714285714284
37115	0
37117	0
37119	-0.20167622435152927
37121	0
37123	0
37125	0.0
37127	0.3548611111111112
37129	-0.11334776334776339
37131	0
37133	-0.5
37135	-0.12359424161966698
37137	0
37139	2.5
37141	1.0564236111111112
37143	0
37145	0
37147	-2.0
37149	0
37151	0.4737654320987655
37153	0
37155	-0.19079685746352412
37157	0.5147235576923077
37159	0.9642857142857144
37161	0
37163	0
37165	0
37167	0
37169	0
37171	0
37173	0
37175	0
37177	0
37179	-0.7105639730639732
37181	1.8333333333333333
37183	-0.08777355778696157
37185	0
37187	0
37189	1.0972222222222223
37191	0.0
37193	-2.5625
37195	-0.59375
37197	0
37199	0
38001	0
38003	0.0
38005	0
38007	0
38009	0
38011	0
38013	0
38015	0.46875
38017	0.5980911330049261
38019	0
38021	0
38023	0
38025	0
38027	0
38029	0
38031	0
38033	0
38035	4.0
38037	0
38039	0
38041	0
38043	0
38045	0
38047	0
38049	0
38051	0
38053	0
38055	0
38057	0
38059	0.46875
38061	0
38063	0
38065	0
38067	0
38069	0
38071	0
38073	0
38075	0
38077	0
38079	0
38081	0
38083	0
38085	0
38087	0
38089	0
38091	0
38093	0
38095	0
38097	0
38099	0
38101	-1.1770833333333333
38103	0
38105	1.3402777777777777
39001	0
39003	0.5727306547619048
39005	0.16021998834498843
39007	1.34375
39009	0.586126893939394
39011	-0.3125
39013	0.5648148148148148
39015	0
39017	-0.23321415872601212
39019	1.1130952380952381
39021	0.0
39023	0.1166666666666667
39025	-0.16038676236044655
39027	-0.1875
39029	0.3
39031	-0.20833333333333354
39033	0.0
39035	-0.08534086823121514
39037	0.0
39039	1.3541666666666665
39041	0.2992424242424243
39043	-0.01938775510204081
39045	0.5833333333333334
39047	-0.5163690476190476
39049	0.16749918553417203
39051	-0.3333333333333333
39053	0.5
39055	-0.03141319823094642
39057	0.11616161616161615
39059	0.0
39061	0.19258105045995677
39063	-0.8394444444444444
39065	0.0
39067	0
39069	0.0
39071	0
39073	-2.46875
39075	0
39077	-2.0265151515151514
39079	0.0
39081	-0.3392857142857143
39083	0.0
39085	0.0906300322061192
39087	0
39089	1.539186507936508
39091	0.6666666666666666
39093	-0.3244803460428462
39095	-0.1418468751960598
39097	0
39099	-0.23193224694249284
39101	0
39103	-0.2225132275132274
39105	0
39107	0.0
39109	-0.37740384615384615
39111	0
39113	-0.258534587880291
39115	0
39117	0
39119	0.9479166666666666
39121	0
39123	0.7444444444444445
39125	0
39127	0
39129	-1.284722222222222
39131	0
39133	-0.05933960730424557
39135	0.46875
39137	0
39139	-1.3213293650793652
39141	1.8333333333333333
39143	0.35
39145	0
39147	-1.625
39149	0.0
39151	0.6206154336734695
39153	-0.1183334675491538
39155	0.12980769230769232
39157	2.0833333333333335
39159	0
39161	-7.401486830834377e-17
39163	0
39165	-0.5787795552248677
39167	-0.3062169312169312
39169	0.0
39171	0
39173	-1.1582291666666664
39175	0
40001	-0.07857142857142867
40003	0
40005	0.625
40007	0
40009	0
40011	0
40013	0
40015	0.0
40017	0.1857638888888889
40019	0.0
40021	0.10416666666666667
40023	0
40025	0.2916459363438037
40027	0.9023204985119048
40029	0
40031	0.3333333333333333
40033	0
40035	0
40037	0.21520258021244218
40039	-0.578525641025641
40041	-0.07857142857142867
40043	0
40045	0
40047	-0.10416666666666667
40049	0
40051	-0.013434042809042777
40053	0
40055	0
40057	0
40059	0
40061	0
40063	0.509693741930584
40065	0.0
40067	0
40069	1.0
40071	-0.42708333333333326
40073	0
40075	0
40077	0
40079	0.12037037037037034
40081	0
40083	0
40085	0
40087	0.01144859326466847
40089	0
40091	0
40093	0
40095	0
40097	0
40099	0
40101	0.0
40103	0
40105	0
40107	0
40109	0.3579923115079365
40111	2.090909090909091
40113	0.09375
40115	0.5902777777777778
40117	0
40119	0.15046296296296294
40121	0.0
40123	0
40125	-0.5920138888888888
40127	0
40129	0
40131	0.05833333333333333
40133	0
40135	0.0
40137	-0.5
40139	0
40141	0
40143	0.08964152410299714
40145	0.12239583333333334
40147	0
40149	0
40151	0
40153	0.0
41001	0
41003	0.8287037037037037
41005	-0.10775409426950523
41007	-1.75
41009	0.75
41011	0.9807692307692307
41013	0
41015	0
41017	0.3775037792894936
41019	-0.28067129629629634
41021	0
41023	0
41025	0
41027	0.0
41029	-0.0889788426593982
41031	0
41033	0.06944444444444443
41035	0.471590909090909
41037	0
41039	0.15293244158375735
41041	0.0
41043	0.0830357142857143
41045	0.625
41047	0.40397102897102893
41049	0
41051	0.07231822086847861
41053	0.8779761904761904
41055	0
41057	0
41059	0.27083333333333337
41061	0
41063	0
41065	-1.3333333333333333
41067	-0.06772297138470805
41069	0
41071	-0.38973214285714286
42001	-1.78125
42003	-0.0036847776553657536
42005	0
42007	-0.22058823529411759
42009	0.0
42011	0.6183766233766234
42013	2.5
42015	1.0
42017	-0.034684480676328455
42019	0.3020833333333333
42021	1.25
42023	0
42025	0.07553069760101008
42027	0.6195175438596492
42029	0.155989880003038
42031	-0.12407407407407407
42033	0
42035	0.20833333333333334
42037	-1.4166666666666667
42039	0
42041	-0.030050505050505032
42043	0.24732545045045048
42045	-0.03318886490307404
42047	-0.18518518518518512
42049	-0.08809523809523803
42051	0.1865079365079366
42053	0
42055	-0.49722222222222223
42057	0
42059	0.03744146718916206
42061	0
42063	-0.07043650793650796
42065	-0.11904761904761904
42067	0
42069	0.2814009661835749
42071	0.3593537414965987
42073	-0.5362654320987654
42075	0.15625
42077	0.056113246164266585
42079	-0.11156121399176955
42081	1.25
42083	-0.625
42085	-0.625
42087	-0.007161458333333259
42089	-0.775
42091	0.09991622483021566
42093	2.44140625
42095	0.19236111111111112
42097	-0.4107142857142857
42099	0
42101	0.03869047619047618
42103	-0.3020833333333333
42105	0
42107	-0.3666666666666666
42109	-0.4107142857142857
42111	0.8
42113	0
42115	-0.7962962962962963
42117	0
42119	-0.45
42121	0.618992118992119
42123	0
42125	0.24963924963924966
42127	0
42129	0.36525878081729135
42131	0
42133	0.6921164772727273
44001	0.0
44003	0.4413647810522811
44005	0.28512976694915254
44007	0.038069856604092504
44009	-0.9880382775119617
45001	0
45003	0.56640625
45005	0
45007	-0.07587594696969698
45009	0
45011	0
45013	-0.1939484126984127
45015	0
45017	0
45019	0.09457420685882802
45021	3.0
45023	0
45025	0
45027	1.875
45029	-2.125
45031	0.0
45033	0
45035	-0.18047003284072255
45037	0
45039	3.5
45041	-0.11048789173789174
45043	0.3992063492063492
45045	-0.002633426966292175
45047	0.8333333333333334
45049	0
45051	0.6352664076994434
45053	0.0
45055	-1.3774621212121212
45057	1.7433862433862433
45059	-1.2857142857142856
45061	0
45063	-0.2930523481799891
45065	0
45067	0
45069	0
45071	0
45073	0.2686162217412217
45075	0.6
45077	0.21675459956709958
45079	0.2
45081	0
45083	-0.4019345238095238
45085	-0.2784090909090909
45087	0
45089	0
45091	0.14927646782535392
46003	0
46005	0
46007	0
46009	0
46011	1.1932870370370368
46013	0.0
46015	0
46017	0
46019	0
46021	0
46023	0
46025	0
46027	0.6416666666666666
46029	0
46031	0
46033	0
46035	0.0
46037	0
46039	0
46041	0
46043	0
46045	0
46047	0
46049	0
46051	0
46053	0
46055	0
46057	0
46059	0
46061	0
46063	-0.933361391694725
46065	0
46067	0
46069	0
46071	0
46073	0
46075	0
46077	0
46079	0
46081	0
46083	-0.08437230835486649
46085	0
46087	-0.05952128412294944
46089	0
46091	0
46093	0
46095	0
46097	0
46099	-1.5833333333333333
46101	0
46102	0
46103	0.3279761904761905
46105	0
46107	0
46109	0
46111	0
46115	0
46117	0
46119	0
46121	0
46123	0
46125	-0.05952128412294944
46127	1.75
46129	0
46135	0
46137	0
47001	-0.1388888888888889
47003	5.0
47005	0.0
47007	0
47009	0.5494898223876953
47011	0.24869791666666666
47013	-2.5
47015	0
47017	0.0
47019	-0.7777777777777779
47021	0
47023	0
47025	-0.06699265861996248
47027	0
47029	0.2333333333333334
47031	0
47033	1.25
47035	-0.8928571428571429
47037	-0.1470521561927811
47039	0
47041	0
47043	-3.0
47045	0
47047	-0.7211538461538461
47049	0
47051	-1.375
47053	-0.08333333333333331
47055	0.0
47057	0
47059	-0.6160714285714286
47061	0
47063	0
47065	0.09091728978092617
47067	0
47069	0
47071	0.0
47073	0.0
47075	0
47077	0
47079	0.05555555555555556
47081	0
47083	0
47085	0
47087	0
47089	0.09345238095238093
47091	0
47093	0.020614166528880047
47095	0
47097	1.75
47099	0
47101	0
47103	0
47105	-0.03640716616618901
47107	0.0
47109	0.5
47111	0
47113	0.83818413729128
47115	0
47117	0
47119	-0.5144927536231884
47121	0
47123	0.0
47125	0.3372685185185186
47127	0
47129	0
47131	0.0
47133	0
47135	0
47137	0
47139	0
47141	0.013020833333333343
47143	2.5
47145	-0.2747113997113997
47147	-0.4
47149	-0.00011864842807461572
47151	0
47153	0
47155	-0.08015422077922074
47157	-0.008687865114276414
47159	0
47161	0
47163	-0.6009837962962962
47165	-0.22518463403880065
47167	1.2837301587301588
47169	0
47171	0
47173	0
47175	0
47177	-2.75
47179	-0.15085891812865496
47181	0
47183	0.0
47185	-0.14322916666666666
47187	-0.11955062000669002
47189	-0.16103475228475225
48001	-1.5
48003	0
48005	1.05
48007	0
48009	0.12666666666666668
48011	0
48013	0.10537894966568633
48015	0
48017	0.0
48019	0
48021	0.5
48023	0
48025	0
48027	-0.13796782254516066
48029	-0.2005319054705215
48031	0
48033	0
48035	0
48037	1.7023809523809526
48039	-0.1943463385985707
48041	-0.1406135531135531
48043	0
48045	0
48047	0.5625
48049	0
48051	0.4057870370370369
48053	-1.3489583333333333
48055	0.0
48057	0
48059	0
48061	-0.203125
48063	0
48065	0.0
48067	-0.040896718734570583
48069	0
48071	0
48073	0
48075	1.3333333333333333
48077	0
48079	0.18136859983450898
48081	0
48083	0
48085	0.20900055448666563
48087	0
48089	0
48091	0.2569444444444445
48093	0
48095	0
48097	1.1268939393939394
48099	0.5225694444444444
48101	0
48103	0
48105	0
48107	0
48109	0
48111	0
48113	0.002483537512834368
48115	0
48117	0.0
48119	0
48121	0.025802615324020346
48123	0
48125	0
48127	0
48129	0
48131	0.5
48133	2.5
48135	0.02242487904252608
48137	0
48139	-0.23422434573002757
48141	-0.13333333333333333
48143	0.009259259259259255
48145	0
48147	0
48149	0
48151	0
48153	0
48155	0
48157	0.09610771270820342
48159	0.0
48161	0.0
48163	0
48165	0
48167	-0.003460348138882939
48169	0
48171	1.5
48173	0
48175	0
48177	0
48179	0
48181	-0.8764730639730641
48183	0.1949242424242424
48185	0
48187	0.06944444444444443
48189	-2.0
48191	0
48193	0
48195	0
48197	0
48199	0.0
48201	0.1844729672532507
48203	0.0
48205	0
48207	0
48209	0.0646224016522929
48211	0
48213	-1.15
48215	0.21640625000000005
48217	0.0
48219	0
48221	0.4910714285714286
48223	0
48225	0
48227	-1.875
48229	0
48231	-0.17466517857142858
48233	0.0
48235	0
48237	0
48239	0
48241	0
48243	0
48245	-0.09860744724025974
48247	0
48249	0
48251	0.251984126984127
48253	0
48255	0.0
48257	0.0
48259	0
48261	0
48263	0
48265	3.0416666666666665
48267	0
48269	0
48271	0
48273	0.0
48275	0
48277	0.0
48279	0
48281	0.0
48283	0
48285	0
48287	0
48289	0
48291	2.5
48293	0
48295	0
48297	0
48299	0.5833333333333334
48301	0
48303	0.04697408922246584
48305	0
48307	0
48309	0.0007773042929292984
48311	0
48313	0
48315	0
48317	0
48319	0
48321	0.3939393939393939
48323	2.5
48325	1.25
48327	0
48329	-0.3333333333333333
48331	0.0
48333	0
48335	-0.8482142857142858
48337	0
48339	0.07076913818771215
48341	0
48343	0
48345	0
48347	0.85
48349	0
48351	0
48353	-0.025
48355	-0.04149535809018567
48357	0
48359	0
48361	0.0
48363	0.5510416666666667
48365	0
48367	-0.06410256410256408
48369	0
48371	-1.0
48373	0.0
48375	0
48377	0
48379	0
48381	0.23809523809523814
48383	0
48385	0
48387	0
48389	0
48391	0
48393	0
48395	0
48397	0.22638888888888886
48399	0
48401	-2.916666666666667
48403	0
48405	0
48407	0
48409	0.0
48411	-0.4479166666666667
48413	0
48415	0.0
48417	0
48419	-0.38541666666666646
48421	0
48423	-0.18005952380952378
48425	0
48427	0
48429	0
48431	0
48433	0
48435	0
48437	0
48439	0.06379454826383703
48441	0.6343406593406594
48443	0
48445	0
48447	0
48449	0
48451	-0.8333333333333334
48453	-0.09678943891606233
48455	-1.5
48457	0
48459	0
48461	0
48463	0.0
48465	-0.5
48467	0.0
48469	0.21428571428571427
48471	-0.25061842918985777
48473	-0.28551136363636365
48475	0
48477	0
48479	0
48481	0
48483	0
48485	0.11875000000000001
48487	0
48489	0
48491	0.0027014652014652157
48493	0
48495	0.1392857142857143
48497	0
48499	0
48501	0
48503	0
48505	0
48507	0
49001	0
49003	0
49005	0.5799242424242423
49007	-4.0
49009	0
49011	0.5834553303303303
49013	0
49015	0
49017	0
49019	0
49021	-0.440625
49023	0
49025	0
49027	0
49029	0
49031	0
49033	0
49035	-0.04196957933370977
49037	-0.058357869398288534
49039	0
49041	0
49043	-0.25954270597127743
49045	0.9160714285714284
49047	0.0
49049	-0.03107665557262331
49051	1.1666666666666667
49053	-0.4653237557649323
49055	0
49057	-0.004629629629629662
50001	2.5
50003	-4.0
50005	0
50007	0.09403409090909087
50009	0
50011	0
50013	0
50015	0
50017	0
50019	0
50021	0.7592592592592592
50023	0.139346296819123
50025	0.0
50027	1.316176470588235
51001	0
51003	-0.05598830753151738
51005	0.0
51007	0
51009	0
51011	0
51013	0
51015	0.23856209150326796
51017	0
51019	-0.5833333333333333
51021	0
51023	0
51025	0
51027	0
51029	0
51031	0.12961601307189544
51033	0
51035	0
51036	0
51037	0
51041	0.06535832336137214
51043	0
51045	0
51047	0.07142857142857145
51049	0
51051	0
51053	0.0
51057	0
51059	0.11467917275518354
51061	0.16071428571428573
51063	0
51065	0.5
51067	0
51069	0.2867965367965368
51071	0
51073	0
51075	0.6560515873015872
51077	-1.9999999999999998
51079	0
51081	0
51083	0.0
51085	0
51087	0.41447812034970244
51089	0.0
51091	0
51093	0.18308000283446707
51095	-0.10795454545454546
51097	0
51099	0
51101	0
51103	0
51105	0
51107	0.3031716853408031
51109	0
51111	0
51113	0
51115	0
51117	1.0916666666666666
51119	0
51121	0.4727564102564102
51125	0
51127	0
51131	0
51133	0
51135	0
51137	0
51139	1.875
51141	0
51143	0.425
51145	0.8972619047619045
51147	0
51149	-0.24831349206349207
51153	0.2055298190968922
51155	-0.3564508723599632
51157	0
51159	0
51161	-0.7973195723397769
51163	0.012155147412500284
51165	-0.507
51167	-0.07010416666666662
51169	0
51171	0.2833333333333333
51173	0.0
51175	0
51177	-0.32433712121212127
51179	-0.7604166666666666
51181	0
51183	0
51185	0
51187	-0.35227272727272724
51191	0.0
51193	0
51195	0
51197	0
51199	-0.02083333333333335
51510	0.15548793412315595
51520	0
51530	0
51540	-0.11014586014586017
51550	-0.11525876725374491
51570	0
51580	0
51590	0
51595	0
51600	0.5499131944444444
51610	0
51620	0
51630	0
51640	0
51650	-0.02083333333333335
51660	-0.5281250000000001
51670	0.0
51678	0
51680	-1.2458333333333333
51683	0.0
51685	0
51690	0
51700	0
51710	1.7901785714285714
51720	0
51730	0.1356195887445887
51735	0
51740	0.013550644800644794
51750	0
51760	0.06616210937500003
51770	0
51775	0
51790	0.25396825396825407
51800	0.12097423510466991
51810	0
51820	0
51830	0
51840	0
53001	0
53003	-0.10937499999999989
53005	-0.1898946360153257
53007	0.3844192406692407
53009	-0.15625
53011	-0.16788837448559668
53013	0
53015	2.5
53017	0
53019	0
53021	0
53023	0
53025	0.8522727272727272
53027	-0.8333333333333331
53029	-1.5833333333333335
53031	-1.1666666666666665
53033	-0.1578797003649945
53035	0.34716964886964896
53037	-0.14583333333333334
53039	0
53041	0.05160984848484851
53043	0
53045	0
53047	0.125
53049	0.0
53051	0
53053	-0.14325228287337669
53055	0
53057	-0.31666666666666665
53059	0
53061	0.12342372962207666
53063	0.0230674087816945
53065	0
53067	-0.157394317680776
53069	0
53071	-0.5
53073	0.22058823529411764
53075	0.6611530830280831
53077	-0.6070815826330531
54001	-1.5
54003	0.32986111111111116
54005	0
54007	0
54009	0.8166666666666667
54011	1.1428571428571428
54013	0
54015	0
54017	0
54019	0.05909090909090908
54021	0
54023	0.0
54025	0
54027	0
54029	0
54031	0
54033	-1.25
54035	0
54037	-0.390625
54039	-0.20343645290679188
54041	0
54043	0
54045	0
54047	0
54049	0.16666666666666666
54051	0.03985528538244322
54053	0
54055	0.0
54057	0
54059	0
54061	0.11042077580539122
54063	0
54065	0
54067	0
54069	0
54071	0
54073	2.5
54075	0
54077	0
54079	1.4484375
54081	-0.7236111111111112
54083	0.0869859307359307
54085	0
54087	0
54089	0
54091	0
54093	0
54095	0
54097	0
54099	0.0915090821340821
54101	0
54103	0.03676880563066073
54105	0
54107	-0.5707070707070707
54109	0
55001	-3.125
55003	0
55005	0
55007	0
55009	0.3095100308641976
55011	0
55013	0
55015	0.0
55017	0.8333333333333333
55019	0
55021	0
55023	0
55025	0.3130974927849928
55027	-0.78125
55029	0.625
55031	-0.9074074074074073
55033	1.1666666666666665
55035	0.755828373015873
55037	0
55039	-0.9047619047619049
55041	0
55043	0.0
55045	0
55047	0.0
55049	-2.25
55051	0
55053	-2.0
55055	0.8854166666666666
55057	0.625
55059	0.2594894335345724
55061	-4.0
55063	0
55065	0
55067	0
55069	0
55071	-1.5059523809523807
55073	0.1799603174603175
55075	0
55077	0
55078	0
55079	0.09059416739527579
55081	0
55083	0
55085	1.220610119047619
55087	1.0625
55089	0.8273809523809524
55091	0
55093	0
55095	0
55097	0.5236201298701297
55099	0
55101	0.15215326057162787
55103	0
55105	0.18405241438778025
55107	0
55109	0
55111	0
55113	0
55115	0
55117	-0.049189814814814846
55119	0
55121	0
55123	0
55125	0
55127	0.4298716329966329
55129	0
55131	0
55133	0.0781602213185951
55135	-0.2773980034722222
55137	0.0
55139	-0.2917786738351254
55141	1.625
56001	-0.6666666666666666
56003	0
56005	0
72015	0
72017	0
72019	0
72021	0
72023	0
72025	0
72027	0
72029	0
72031	0
72033	0
72035	0
72037	0
72039	0
72041	0
72043	0
72045	0
72047	0
72049	0
72051	0
72053	0
72054	0
72055	0
72057	0
72059	0
72061	0
72063	0
72065	0
72067	0
72069	0
72071	0
72073	0
72075	0
72077	0
72079	0
72081	0
72083	0
72085	0
72087	0
72089	0
72091	0
72093	0
72095	0
72097	0
72099	0
72101	0
72103	0
72105	0
72107	0
72109	0
72111	0
72113	0
72115	0
72117	0
72119	0
72121	0
72123	0
72125	0
72127	0
72129	0
72131	0
72133	0
72135	0
72137	0
72139	0
72141	0
72143	0
72145	0
72147	0
72149	0
72151	0
72153	0
56007	0
56009	0
56011	0
56013	0
56015	0.5172123015873015
56017	0
56019	0
56021	-0.02770763187429855
56023	0.95
56025	-0.5952380952380951
56027	0
56029	-0.12954545454545446
56031	0
56033	-0.125
56035	0
56037	-1.25
56039	-0.7723214285714286
56041	0
56043	1.2112268518518519
56045	0
72001	0
72003	0
72005	0
72007	0
72009	0
72011	0
72013	0
