id	rate
01001	0.0
01003	-0.3203125
01005	0
01007	0
01009	-0.7916666666666667
01011	0
01013	0
01015	1.5
01017	-0.25
01019	0
01021	0
01023	0
01025	0
01027	0
01029	0
01031	0
01033	0.375
01035	0
01037	0.0
01039	0
01041	0
01043	0.29261363636363635
01045	0
01047	0.0
01049	0
01051	0.38888888888888884
01053	0
01055	-0.22916666666666666
01057	0
01059	0
01061	0.35
01063	0
01065	0
01067	0
01069	0
01071	0
01073	-0.1888306248425295
01075	0
01077	0
01079	0.0
01081	0.6562500000000001
01083	0.1371212121212121
01085	0
01087	1.035714285714286
01089	0.268048128342246
01091	0
01093	0
01095	2.6704545454545454
01097	-0.09698547979797982
01099	0
01101	0.4540719696969697
01103	-0.28732638888888895
01105	0
01107	0
01109	0
01111	0
01113	-0.25
01115	0
01117	-0.4270156926406926
01119	0
01121	0
01123	0.0
01125	0.4800264550264551
01127	0.0
01129	0
01131	0
01133	0
02013	0
02016	0
02020	0.0
02050	0
02060	0
02068	0
02070	0
02090	0.90625
02100	0
02105	0
02110	0.390625
02122	0
02130	0.0
02150	0
02158	0
02164	0
02170	0
02180	0
02185	0
02188	0
02195	0
02198	0
02220	0
02230	0
02240	0
02261	0
02275	0
02282	0
02290	0
04001	-0.37211007591442424
04003	-0.29361979166666674
04005	1.03125
04007	0
04009	0
04011	0
04012	0
04013	0.09633535527644208
04015	0.3461444805194805
04017	0
04019	0.08532306572671157
04021	0.061168532631206175
04023	0.0
04025	-0.19730855082417567
04027	0.7838541666666666
05001	-2.5
05003	0
05005	0
05007	-0.6875
05009	-0.1953125
05011	0
05013	0
05015	0.0
05017	0
05019	1.861111111111111
05021	0
05023	0.0
05025	-1.388888888888889
05027	0.0
05029	0
05031	0.2040816326530612
05033	0
05035	0.2004466548944532
05037	0
05039	0
05041	0
05043	0
05045	-0.5054112554112554
05047	0
05049	0
05051	0.0
05053	0
05055	-1.5
05057	0
05059	0
05061	0
05063	0
05065	0
05067	0
05069	-2.5
05071	0
05073	0
05075	0
05077	0
05079	0
05081	0
05083	0
05085	0
05087	0
05089	0
05091	0
05093	0
05095	0
05097	0
05099	0.0
05101	0
05103	0
05105	0
05107	0
05109	0
05111	0
05113	0
05115	0
05117	0
05119	0.5673611111111112
05121	0
05123	0
05125	-0.1588372564935065
05127	0
05129	0
05131	0.0
05133	0
05135	0
05137	0
05139	0.0
05141	0
05143	1.437026515151515
05145	3.125
05147	0
05149	0.7916666666666666
06001	-0.13839921652421652
06003	0
06005	0
06007	0.75
06009	0
06011	0
06013	0.0611279972982101
06015	0
06017	0.5625
06019	0.38227671451355644
06021	0
06023	0
06025	0
06027	-0.2333333333333334
06029	0.75
06031	0.0
06033	-0.125
06035	0
06037	0.1766880724151131
06039	0
06041	0.16666666666666666
06043	0
06045	0.8555555555555555
06047	0.0
06049	0
06051	0
06053	0.1346153846153846
06055	0.18928571428571433
06057	-1.0
06059	0.30841687843066523
06061	-0.548611111111111
06063	0
06065	-0.09639010259083342
06067	0.24461220009261056
06069	0.7803030303030303
06071	-0.11095645549886612
06073	-0.14436342592592594
06075	0.8722222222222222
06077	-0.31770833333333337
06079	-0.875
06081	0.312562003968254
06083	0.35577334188445303
06085	0.10402013607658771
06087	0.09441047016348221
06089	1.3333333333333333
06091	0
06093	0.0
06095	-0.07961309523809525
06097	0.12413194444444442
06099	0.5073529411764706
06101	1.1875
06103	0
06105	0
06107	0.1828125
06109	-1.0
06111	-0.23704681988536153
06113	-0.21017156862745098
06115	0
08001	-0.3349358974358974
08003	0
08005	-0.24521185884822244
08007	0
08009	0.008213742748181567
08011	0
08013	0.3398309932027037
08014	0
08015	0
08017	0
08019	0
08021	0
08023	0
08025	0
08027	0
08029	0.17256869288119284
08031	-0.38888888888888895
08033	0.0
08035	-0.2017543859649123
08037	0.07285714285714281
08039	0
08041	0.005078933747411934
08043	0
08045	0.0
08047	0
08049	0
08051	0
08053	0
08055	0.0
08057	0
08059	-0.2916216802377517
08061	0
08063	0
08065	0
08067	0.0
08069	-0.1572356215213358
08071	0
08073	0
08075	0
08077	0.775
08079	0
08081	0
08083	0
08085	0
08087	-0.3049242424242424
08089	0.0
08091	0
08093	0
08095	0
08097	0.2740362811791383
08099	0
08101	0.18750000000000006
08103	0
08105	0
08107	0
08109	0
08111	0
08113	0
08115	0
08117	0
08119	0
08121	0
08123	0
08125	0
09001	0.17568403818403813
09003	0.10923674434312733
09005	-0.20833333333333334
09007	-0.020517676767676764
09009	-0.20666486291486297
09011	0.43634259259259256
09013	0.2857142857142857
09015	-0.4803511303511304
10001	-0.5208333333333334
10003	0.5288690476190476
10005	-0.12954808501683504
11001	0.39705291551882466
12001	-0.14916383219954651
12003	0
12005	0.06591265952973849
12007	0
12009	-0.26356491815476185
12011	0.019843232754030927
12013	0
12015	0.4126984126984126
12017	0.0
12019	0.06919642857142855
12021	0
12023	0.0
12027	0
12029	0
12031	1.0809473729395604
12033	0.6875000000000001
12035	9.25185853854297e-18
12037	0
12039	0
12041	0
12043	0
12045	0
12047	0
12049	0
12051	0
12053	-0.4
12055	0
12057	0.057957620031483664
12059	0
12061	1.0463169642857142
12063	0
12065	0
12067	0
12069	-0.26704545454545453
12071	0.6181077694235588
12073	0.26439058956916095
12075	0
12077	0
12079	0
12081	-0.4407567049808428
12083	-0.5685941043083901
12085	-0.175062656641604
12086	0.16324037994064886
12087	-0.05
12089	-1.1647727272727273
12091	1.25
12093	0
12095	-0.16474232369715558
12097	-0.5137689691261119
12099	0.2938393138979075
12101	-0.5563151041666665
12103	-0.038065892966461144
12105	0.18781072443181818
12107	0.0
12109	0.6757154882154882
12111	-0.15800865800865802
12113	0.20833333333333362
12115	0.5166666666666668
12117	-0.3782750979179551
12119	-0.029451884920634924
12121	0
12123	0
12125	0
12127	-0.17274305555555555
12129	0
12131	0
12133	0
13001	0
13003	0
13005	0
13007	0
13009	-0.7142857142857143
13011	0
13013	0
13015	0
13017	0
13019	0
13021	0.19285714285714284
13023	1.7500000000000002
13025	0
13027	0
13029	0.0
13031	0.0
13033	0
13035	1.0
13037	0
13039	0.0
13043	0
13045	-0.59113455988456
13047	3.125
13049	0
13051	-0.20340909090909093
13053	0
13055	0
13057	-2.0
13059	0
13061	0
13063	-2.125
13065	0
13067	0.4698322510822511
13069	0
13071	0
13073	-0.47916666666666663
13075	0
13077	0.7410714285714286
13079	0
13081	0.0
13083	0.2265625
13085	0
13087	0
13089	0.10415633766728229
13091	0
13093	0
13095	0
13097	0.22321428571428573
13099	0
13101	0
13103	0
13105	0
13107	0
13109	0
13111	0
13113	1.222222222222222
13115	-3.90625
13117	0
13119	0
13121	0.013829407226584645
13123	0
13125	0
13127	0.0
13129	0
13131	0
13133	0
13135	-0.125
13137	0
13139	0.0
13141	0
13143	-2.125
13145	0
13147	0
13149	0
13151	-3.3333333333333335
13153	0.8333333333333334
13155	0
13157	0.28008658008658016
13159	0
13161	0
13163	0
13165	0
13167	0
13169	-1.1666666666666667
13171	0
13173	0
13175	0
13177	0
13179	0
13181	0
13183	0
13185	-0.7171875
13187	0
13189	0.0
13191	0
13193	0
13195	0
13197	0
13199	0
13201	0
13205	0
13207	0
13209	0
13211	0
13213	0
13215	0
13217	0
13219	0.6159297052154196
13221	0
13223	0
13225	0
13227	0
13229	0
13231	0
13233	0
13235	0
13237	0
13239	0
13241	0
13243	1.5833333333333333
13245	-0.4634615384615385
13247	0
13249	0
13251	0
13253	0
13255	0
13257	0
13259	0
13261	0
13263	0
13265	0
13267	0
13269	0
13271	0
13273	0
13275	0
13277	0
13279	0
13281	0
13283	0
13285	0
13287	0
13289	0
13291	0
13293	0
13295	0.625
13297	0
13299	2.5
13301	0
13303	0
13305	1.0
13307	0
13309	0
13311	0
13313	0.0
13315	0.39705314217032966
13317	0
13319	0
13321	0
15001	-1.3295454545454546
15003	0.48611111111111105
15007	-0.10416666666666667
15009	1.636962890625
16001	0.5017673160173161
16003	0
16005	0.75
16007	0
16009	0
16011	0
16013	0
16015	0
16017	0
16019	0
16021	0
16023	0
16025	0
16027	0.8333333333333334
16029	0
16031	0
16033	0
16035	0
16037	0
16039	0
16041	0
16043	0
16045	0
16047	0
16049	0
16051	0
16053	0
16055	0.4464285714285714
16057	0.4761904761904761
16059	0
16061	0
16063	0
16065	0
16067	0
16069	-0.10416666666666671
16071	0
16073	0
16075	0
16077	1.3571428571428572
16079	0
16081	0
16083	0
16085	-0.3404383975812547
16087	0
17001	0
17003	0
17005	0
17007	0.0
17009	0
17011	0
17013	0
17015	0.0
17017	0
17019	0.17844202898550726
17021	0
17023	0
17025	0.0
17027	0
17029	0.2708333333333333
17031	0.1503338300017986
17033	0
17035	0
17037	0.7234848484848484
17039	0
17041	0
17043	0.003571428571428615
17045	2.25
17047	0
17049	0
17051	0
17053	0
17055	0
17057	0
17059	0.01966296145983648
17061	0
17063	-0.475
17065	0
17067	0
17069	0
17071	0
17073	0.0
17075	0
17077	1.75
17079	0
17081	0
17083	0
17085	0
17087	0
17089	-0.07054924242424244
17091	0.6527777777777777
17093	-0.058556547619047536
17095	0
17097	0.73828125
17099	0.0
17101	0
17103	0.2500000000000002
17105	2.0833333333333335
17107	0
17109	0.0
17111	-0.8055555555555557
17113	-0.23148148148148154
17115	0.875
17117	0
17119	0.0
17121	0
17123	0
17125	0
17127	0
17129	0
17131	0
17133	0
17135	0
17137	0
17139	0
17141	2.0
17143	-2.5
17145	0
17147	0
17149	0
17151	0
17153	0
17155	0
17157	0
17159	3.125
17161	0.9313591269841268
17163	0.1
17165	0.0
17167	-0.5833333333333334
17169	0
17171	0
17173	0
17175	0
17177	0
17179	-0.3416666666666667
17181	0
17183	-0.638888888888889
17185	0
17187	0
17189	0
17191	0
17193	0
17195	0
17197	0.11402164747867866
17199	0.0
17201	0.7412698412698414
17203	0
18001	0
18003	0.20572916666666669
18005	3.25
18007	0
18009	0
18011	-0.1796875
18013	0
18015	0
18017	0
18019	0.0
18021	0
18023	0
18025	0
18027	2.5
18029	0
18031	0
18033	-2.229166666666667
18035	0.30306122448979594
18037	0
18039	-0.8412698412698414
18041	0
18043	0.020219198790627314
18045	0
18047	0
18049	0
18051	0
18053	0.0
18055	0
18057	0.0806911709689487
18059	0
18061	-0.75
18063	-0.0655001038523765
18065	0
18067	0.0
18069	0.28869047619047616
18071	0.1111111111111111
18073	0
18075	0
18077	0
18079	2.0833333333333335
18081	0.028536414565826215
18083	1.25
18085	0.0
18087	0
18089	-0.7649790685504969
18091	0.0
18093	3.0
18095	0
18097	0.1334090909090909
18099	0
18101	0
18103	0
18105	0
18107	0.0
18109	-0.10839345839345843
18111	0
18113	-4.94140625
18115	0
18117	0.625
18119	0
18121	0
18123	0
18125	0
18127	-0.375
18129	-1.328125
18131	0
18133	0
18135	0
18137	0
18139	0
18141	-0.6704991024187453
18143	0
18145	-0.701388888888889
18147	0
18149	0
18151	0.0
18153	0
18155	0
18157	0.08969907407407408
18159	0.0
18161	0
18163	-0.53125
18165	0
18167	-0.39583333333333337
18169	0.0
18171	0
18173	0.0
18175	0
18177	-0.5208333333333333
18179	0
18181	0
18183	0
19001	0
19003	0
19005	0
19007	0
19009	0
19011	0
19013	0.3194444444444444
19015	1.0357142857142858
19017	0.0
19019	0
19021	0
19023	0
19025	0
19027	0
19029	0
19031	0
19033	2.5
19035	0
19037	0
19039	-0.3125
19041	0
19043	0
19045	1.0625
19047	0
19049	-0.03893849206349212
19051	0
19053	0
19055	0
19057	0
19059	0
19061	-0.0625
19063	0
19065	0
19067	0
19069	0
19071	0.0
19073	0
19075	0.15465312587023108
19077	0
19079	0
19081	0
19083	0
19085	0
19087	0.5
19089	0
19091	0
19093	0
19095	0
19097	0
19099	0.0
19101	0
19103	0.30357142857142855
19105	0
19107	0
19109	0
19111	0
19113	0.8293650793650792
19115	0
19117	0
19119	0
19121	0
19123	0
19125	0
19127	0
19129	0
19131	0
19133	0
19135	0
19137	0
19139	-0.3981060606060606
19141	0
19143	0
19145	0.0
19147	0
19149	0
19151	0
19153	0.3616071428571428
19155	-0.1274250440917107
19157	0
19159	0
19161	0
19163	0.08566242784992786
19165	0.0
19167	0
19169	0
19171	0
19173	0
19175	0
19177	0
19179	0
19181	0.5357142857142857
19183	0
19185	0
19187	1.6875
19189	0
19191	0
19193	0
19195	0
19197	0
20001	0
20003	0
20005	0
20007	0
20009	-1.0
20011	0
20013	0.0
20015	1.9143518518518519
20017	0
20019	0
20021	0.0
20023	0.0
20025	0
20027	0
20029	0
20031	0
20033	0
20035	0.0
20037	-1.7499999999999996
20039	0
20041	0
20043	0
20045	-2.5
20047	0
20049	0
20051	0
20053	0.16666666666666666
20055	0
20057	0.0
20059	0
20061	0
20063	0
20065	0
20067	0
20069	0
20071	0
20073	0
20075	0
20077	0
20079	0
20081	0
20083	0
20085	0
20087	0
20089	0
20091	0.051059059987631376
20093	0
20095	0
20097	0
20099	0
20101	0
20103	0.0
20105	0
20107	0
20109	0
20111	0
20113	-0.7777777777777779
20115	0
20117	0
20119	0
20121	0
20123	0
20125	0
20127	0
20129	0.008213742748181567
20131	0
20133	0
20135	0
20137	1.0
20139	0
20141	0
20143	0
20145	0
20147	0
20149	0
20151	0
20153	0
20155	-1.6140046296296298
20157	0
20159	0
20161	-0.12500000000000003
20163	0
20165	0
20167	0
20169	0.0
20171	2.0
20173	0.0855322652197652
20175	0
20177	-0.1262626262626263
20179	0
20181	0
20183	0
20185	0
20187	0
20189	0
20191	0
20193	0
20195	0
20197	0
20199	0
20201	0
20203	0
20205	0
20207	0
20209	0.0
21001	0
21003	0
21005	0
21007	0
21009	-0.2916666666666667
21011	0
21013	0
21015	0.07095197666318355
21017	0
21019	-0.59375
21021	0.0
21023	0
21025	0
21027	0
21029	0.9910714285714286
21031	0
21033	1.0
21035	0
21037	0.4166666666666667
21039	0
21041	0
21043	0.0
21045	0
21047	0.0
21049	-1.0
21051	0
21053	0
21055	0
21057	0
21059	0
21061	0
21063	0
21065	4.0
21067	0
21069	0
21071	0
21073	0.0
21075	0
21077	0
21079	0
21081	0
21083	0
21085	0
21087	0
21089	0.0
21091	0
21093	-0.7037037037037037
21095	0
21097	0
21099	0
21101	0.0
21103	0
21105	0
21107	1.25
21109	0
21111	0.16448749371543483
21113	0
21115	0
21117	0.24320987654320986
21119	0
21121	0.0
21123	0
21125	0
21127	0
21129	0
21131	0
21133	0.07381944444444447
21135	0
21137	0
21139	0
21141	0
21143	0
21145	0.0
21147	0
21149	0
21151	0.06818181818181818
21153	0
21155	0.0
21157	0
21159	0.0
21161	0.0
21163	0
21165	0
21167	0
21169	0
21171	0
21173	0.0
21175	0
21177	0.0
21179	0.0
21181	0
21183	0
21185	0
21187	-0.027713111859054233
21189	0
21191	0
21193	0
21195	0.0
21197	0
21199	0.0
21201	0
21203	0
21205	0
21207	0
21209	2.5
21211	0
21213	0
21215	0
21217	0
21219	0
21221	0
21223	0
21225	0
21227	0.6428571428571428
21229	0
21231	0
21233	0
21235	0
21237	0
21239	-0.75
22001	0.0
22003	0
22005	1.1718749999999998
22007	0
22009	0
22011	0.0
22013	0
22015	0
22017	-0.5642361111111112
22019	0.09375
22021	0
22023	0
22025	0
22027	0
22029	4.0
22031	0
22033	0.10162037037037037
22035	0
22037	0
22039	0
22041	-3.75
22043	0
22045	-2.1354166666666665
22047	1.25
22049	0
22051	-0.004986475384424616
22053	0
22055	1.1666666666666667
22057	0.5
22059	0
22061	0.0
22063	0
22065	0
22067	0
22069	-1.7777777777777777
22071	0.0
22073	1.1111111111111112
22075	0
22077	0
22079	0
22081	0
22083	0
22085	0
22087	0
22089	5.0
22091	0
22093	0
22095	-0.25
22097	0
22099	0.08458787192339826
22101	0
22103	-0.16547619047619047
22105	0.9166666666666667
22107	0
22109	0.0
22111	0
22113	1.3020833333333333
22115	0.0
22117	0
22119	0
22121	0.380931712962963
22123	0
22125	0
22127	0
23001	-2.5
23003	0
23005	0.21851851851851858
23007	0.5208333333333334
23009	0
23011	0.6249999999999999
23013	0
23015	0
23017	0
23019	0.8833333333333334
23021	0
23023	-0.4722222222222222
23025	1.2499999999999998
23027	0
23029	0
23031	0.5
24001	-2.5
24003	-0.08621736814268596
24005	0.32358588005909444
24009	0.0
24011	0
24013	0.4291666666666668
24015	0.2552083333333333
24017	1.7579365079365086
24019	-1.4479166666666667
24021	-0.009862278244631137
24023	0
24025	0.3010753968253968
24027	-0.5137982796900479
24029	0.0
24031	0.008054252845919492
24033	0.1499922832449241
24035	1.7857142857142858
24037	0.23214285714285715
24039	1.2452380952380953
24041	0
24043	2.21875
24045	0.2969092762125549
24047	-3.125
24510	0.09589947089947091
25001	0.41398358585858586
25003	0.5694444444444445
25005	-0.12249365777591587
25007	0.16666666666666666
25009	0.30878659429795796
25011	0.07745225453558785
25013	0.06624423963133637
25015	1.3005050505050504
25017	0.13402647071125323
25019	0
25021	0.2349375872938708
25023	0.033625730994152066
25025	0.1478068500127324
25027	0.24875396825396826
26001	0
26003	0
26005	0
26007	4.0
26009	0
26011	0
26013	0
26015	0
26017	-0.78125
26019	0
26021	0.8333333333333334
26023	0
26025	-0.8333333333333334
26027	0
26029	-0.0625
26031	0
26033	0
26035	0
26037	5.0
26039	0
26041	0
26043	0.0
26045	0.7173295454545454
26047	0.0
26049	0.5083333333333334
26051	0
26053	0
26055	2.5
26057	0
26059	0
26061	0.0
26063	0
26065	-0.03645833333333326
26067	0
26069	0
26071	0
26073	-0.6785714285714286
26075	-0.8854166666666666
26077	0.36107685235289405
26079	0
26081	0.11549843674843666
26083	0
26085	0
26087	0
26089	0
26091	1.0
26093	0.025173611111111122
26095	0
26097	0.0
26099	-0.27096273291925466
26101	0
26103	-0.10819327731092432
26105	0
26107	2.0
26109	0
26111	0.7083333333333333
26113	0
26115	0.0
26117	0
26119	0
26121	-2.5555555555555554
26123	0
26125	-0.23000079053319802
26127	0.0
26129	0
26131	0
26133	0
26135	0
26137	0
26139	-0.2700951825951826
26141	0
26143	0
26145	0.25
26147	0.08207070707070703
26149	0
26151	0
26153	0
26155	0
26157	0
26159	0.625
26161	0.09342650103519672
26163	0.23793671366947236
26165	0
27001	0
27003	-0.26428571428571435
27005	0
27007	0
27009	0
27011	0
27013	0.0
27015	0
27017	0.0
27019	0.02083333333333337
27021	0
27023	0
27025	0
27027	0.0
27029	0
27031	0
27033	0
27035	0
27037	0.08847402597402597
27039	2.809523809523809
27041	0
27043	0
27045	0
27047	0
27049	0
27051	0
27053	0.05405623054306473
27055	4.0
27057	0
27059	0
27061	0
27063	0
27065	0
27067	0
27069	0
27071	-5.0
27073	0
27075	0
27077	0
27079	0
27081	0
27083	0
27085	0
27087	0
27089	0
27091	0
27093	0
27095	0
27097	0
27099	1.25
27101	0
27103	0
27105	0
27107	0
27109	0.0
27111	0
27113	0
27115	1.25
27117	0
27119	0
27121	0
27123	0.48098169191919177
27125	0
27127	0
27129	0
27131	0.14010989010989008
27133	0
27135	0
27137	0.0
27139	-0.008239348370927302
27141	0
27143	0
27145	-0.19444444444444445
27147	4.0
27149	0
27151	0
27153	0
27155	0
27157	0
27159	0
27161	0
27163	0.7135416666666666
27165	0
27167	0
27169	0.0
27171	0.0
27173	0
28001	4.0
28003	0.5
28005	0
28007	0
28009	0
28011	3.25
28013	0
28015	0
28017	0
28019	0
28021	0
28023	0
28025	0
28027	0.0
28029	0.35736607142857146
28031	0
28033	-0.015401863462208272
28035	0
28037	0
28039	0
28041	0
28043	0.0
28045	0
28047	0.25
28049	0.22335379464285715
28051	0
28053	0
28055	0
28057	0
28059	0.0
28061	0
28063	0
28065	0
28067	-2.25
28069	0
28071	-0.05952380952380947
28073	-1.28125
28075	0
28077	0
28079	-0.6666666666666666
28081	1.3765625
28083	2.5
28085	0
28087	0
28089	0.3680555555555556
28091	0
28093	0
28095	0
28097	0
28099	0
28101	0
28103	0
28105	2.1666666666666665
28107	0
28109	0
28111	0
28113	0.0
28115	0
28117	0
28119	0
28121	0
28123	0
28125	0
28127	0
28129	0
28131	0
28133	0
28135	0
28137	0.0
28139	0
28141	0
28143	0
28145	0
28147	0
28149	1.6276041666666667
28151	0
28153	0
28155	0
28157	0
28159	0
28161	0
28163	0
29001	0.75
29003	0
29005	0
29007	0
29009	2.25
29011	0
29013	0
29015	0
29017	0
29019	0
29021	-0.5416666666666667
29023	0
29025	0
29027	0
29029	0
29031	0
29033	0
29035	0
29037	0.01681420431420437
29039	0
29041	0
29043	1.0
29045	0
29047	1.3636363636363635
29049	0
29051	0
29053	0.04687500000000001
29055	0
29057	0
29059	0
29061	0
29063	0
29065	0
29067	0
29069	0
29071	0.17857142857142858
29073	0
29075	0
29077	2.625
29079	0
29081	0
29083	0
29085	0
29087	0
29089	0
29091	0
29093	0
29095	0.04119047619047619
29097	0
29099	-0.9078065134099617
29101	0.0
29103	0
29105	-0.5
29107	0
29109	0
29111	0
29113	0
29115	0
29117	0
29119	0
29121	0
29123	0
29125	0
29127	0
29129	0
29131	0
29133	0
29135	4.0
29137	0
29139	0
29141	0
29143	-0.05687402874902883
29145	2.5
29147	-0.6666666666666666
29149	0
29151	0
29153	0
29155	0
29157	0
29159	0
29161	0.4999999999999999
29163	0
29165	1.196969696969697
29167	0
29169	0.30729166666666674
29171	0
29173	0
29175	1.6666666666666667
29177	0
29179	0
29181	0
29183	0.010771293178700595
29185	0
29186	0
29187	-0.18181818181818182
29189	0.027006732445044118
29195	0
29197	0
29199	0
29201	0
29203	0.09133850682146134
29205	0
29207	0
29209	0
29211	0
29213	0
29215	0
29217	0
29219	0
29221	0
29223	0
29225	0
29227	0
29229	0
29510	0
30001	0.0
30003	0
30005	0
30007	0
30009	0
30011	0
30013	-0.7529761904761907
30015	0
30017	0
30019	0
30021	0
30023	0
30025	-1.25
30027	0
30029	0.0
30031	1.0
30033	0
30035	0
30037	0
30039	0
30041	0
30043	0
30045	0
30047	0
30049	0
30051	0
30053	0
30055	0
30057	0
30059	0
30061	0
30063	0.6208333333333332
30065	0
30067	-0.625
30069	0
30071	0
30073	0
30075	0
30077	0
30079	0
30081	0
30083	0
30085	0
30087	0
30089	0
30091	0
30093	0
30095	0
30097	0
30099	0
30101	0
30103	0
30105	-0.513888888888889
30107	0
30109	0
30111	-0.19444444444444448
31001	0
31003	0
31005	0
31007	0
31009	0
31011	0
31013	0
31015	0
31017	0
31019	0.2500000000000001
31021	0
31023	0.16666666666666669
31025	0
31027	0
31029	0
31031	0
31033	0
31035	0
31037	0
31039	0
31041	0
31043	-0.1111111111111111
31045	0
31047	0
31049	0
31051	0
31053	0
31055	-0.01468253968253963
31057	0
31059	0
31061	0
31063	0
31065	1.0
31067	-0.25273850859788355
31069	0
31071	0
31073	0
31075	0
31077	0
31079	0.0
31081	0
31083	0
31085	0
31087	0
31089	0
31091	0
31093	0
31095	0.0
31097	0
31099	0.2500000000000001
31101	0
31103	0
31105	0
31107	0
31109	0.49071428571428566
31111	1.25
31113	0
31115	0
31117	0
31119	0
31121	0
31123	0
31125	0
31127	0
31129	0
31131	0
31133	0
31135	0
31137	0
31139	0
31141	0.625
31143	0
31145	0
31147	0
31149	0
31151	0
31153	0.13749486863711005
31155	-0.3472222222222222
31157	0
31159	-1.625
31161	0
31163	0
31165	-1.5625
31167	0
31169	0
31171	0
31173	0
31175	0
31177	0.0
31179	0
31181	0
31183	0
31185	0
32001	0
32003	0.14593453204412626
32005	0.026041666666666657
32007	0
32009	0
32011	0
32013	-0.18437622983077534
32015	0
32017	0.5472340159840159
32019	0
32021	0
32023	0
32027	0
32029	0
32031	0.20832647123407994
32033	0
32510	0
33001	0
33003	0
33005	-0.3194444444444444
33007	0
33009	-1.4583333333333335
33011	0.17673868789940217
33013	0.3666666666666667
33015	0.07882407407407412
33017	1.25
33019	-0.8333333333333334
34001	0.03404017857142859
34003	0.05874177297982658
34005	0.1480462824212824
34007	0.2769430144430144
34009	-0.9765625
34011	-0.6875
34013	-0.052071411661255486
34015	-0.23383750269526132
34017	0.4850752490712598
34019	-1.6666666666666667
34021	0.031613756613756636
34023	-0.4487084096459096
34025	0.02426046176046177
34027	0.23368409863945577
34029	-0.12749325047712143
34031	-0.32579028417193695
34033	0
34035	-0.07123015873015871
34037	0.2673611111111111
34039	0.03951061346187039
34041	0
35001	0.04607522933415789
35003	0
35005	0
35006	0
35007	0
35009	0.0
35011	0
35013	-0.4702380952380953
35015	0.0
35017	0
35019	0
35021	0
35023	-0.29361979166666674
35025	0
35027	0
35028	0
35029	-3.499999999999999
35031	0.0
35033	0
35035	-0.8333333333333333
35037	0
35039	0.0
35041	0
35043	0.4848484848484848
35045	0.625
35047	0
35049	-0.2905982905982905
35051	0
35053	0
35055	1.25
35057	0
35059	0
35061	0
36001	0.33026009316770183
36003	0
36005	0.13630952380952377
36007	-0.049242424242424226
36009	0
36011	-1.6666666666666665
36013	-1.1583333333333334
36015	0.05357142857142852
36017	0
36019	1.0
36021	0
36023	-1.5
36025	0
36027	0.09821428571428573
36029	0.2305054513387846
36031	0
36033	0.0
36035	0.0
36037	0
36039	0
36041	0
36043	0
36045	-1.0625
36047	0.07568307001075833
36049	2.5
36051	-1.0
36053	1.0
36055	-0.3092627401837928
36057	-0.41666666666666663
36059	-0.21090578729845036
36061	0.055503099458330825
36063	-0.37067114400584783
36065	0.5364583333333334
36067	0.08632723922902497
36069	-1.511904761904762
36071	0.27756864006864007
36073	0
36075	0.0
36077	0.0
36079	-2.5
36081	-0.1813497729728097
36083	0.24732257569428617
36085	-0.25592725406158223
36087	0.785978835978836
36089	-0.2591145833333333
36091	0.19381313131313133
36093	0.14107142857142857
36095	0
36097	0
36099	2.5
36101	0.0
36103	-0.06217145949288814
36105	0.0
36107	-0.03240740740740744
36109	0.9375
36111	0.1435127674258109
36113	-3.0208333333333335
36115	0
36117	-1.5416666666666667
36119	0.07932620012943505
36121	0
36123	0.0
37001	0.78125
37003	0
37005	0
37007	3.7500000000000004
37009	0
37011	0
37013	0
37015	0
37017	0
37019	0.0
37021	-0.5223214285714286
37023	0
37025	-0.02398989898989904
37027	0
37029	0
37031	-0.17499999999999996
37033	0.0
37035	-0.125
37037	0.038318452380952356
37039	0
37041	0
37043	0
37045	0.0
37047	0
37049	0.0
37051	0
37053	0
37055	1.4166666666666667
37057	0.28483072916666663
37059	0.05208333333333336
37061	0
37063	-0.13346354166666669
37065	0
37067	0
37069	0
37071	0.665638528138528
37073	0
37075	0
37077	0
37079	0
37081	0.2005746237889095
37083	0
37085	0.11349826388888899
37087	0
37089	0.41885964912280704
37091	0
37093	-0.0015112058080808068
37095	0
37097	-0.1989795918367347
37099	-0.3055555555555555
37101	-0.0892857142857143
37103	0.0
37105	0
37107	0
37109	0.43839285714285714
37111	0
37113	0
37115	0
37117	0
37119	0.032754010695187165
37121	0
37123	0
37125	0.625
37127	0.9375
37129	0.25416666666666665
37131	0
37133	2.5
37135	0.031487888876660056
37137	0
37139	-0.25000000000000006
37141	0
37143	0
37145	0
37147	0.0
37149	0
37151	2.25
37153	0
37155	0.4375
37157	0.0
37159	0.0
37161	0
37163	0
37165	0
37167	0
37169	0
37171	0
37173	0
37175	0
37177	0
37179	-1.7152777777777777
37181	0
37183	0.07369294203371587
37185	0
37187	0
37189	1.1547619047619049
37191	0
37193	0
37195	0.9325396825396824
37197	0
37199	0
38001	0
38003	0
38005	0
38007	0
38009	0
38011	0
38013	0
38015	0.44097222222222227
38017	0.06666666666666667
38019	0
38021	0
38023	0
38025	0
38027	0
38029	0
38031	0
38033	0
38035	1.25
38037	0
38039	0
38041	0
38043	0
38045	0
38047	0
38049	0
38051	0
38053	0
38055	0
38057	0
38059	0.44097222222222227
38061	0
38063	0
38065	0
38067	0
38069	0
38071	0
38073	0
38075	0
38077	0
38079	0
38081	0
38083	0
38085	0
38087	0
38089	0
38091	0
38093	0
38095	0
38097	0
38099	0
38101	0.0
38103	0
38105	0
39001	0
39003	0.0
39005	-1.0286458333333333
39007	0
39009	0.11160714285714295
39011	0
39013	0
39015	0.0
39017	0.15977961432506893
39019	0.0
39021	0
39023	0
39025	0.8333333333333334
39027	0
39029	0.6875
39031	0
39033	0
39035	-0.1300274255490791
39037	0
39039	0
39041	-0.8749999999999998
39043	0
39045	-0.9895833333333334
39047	0
39049	0.03315233102070846
39051	0
39053	0
39055	-0.275968720821662
39057	-0.14587279040404044
39059	0
39061	0.2986111111111111
39063	-1.96875
39065	0
39067	0
39069	0
39071	0
39073	0
39075	0
39077	-1.7499999999999998
39079	0
39081	0
39083	-5.0
39085	0.5274367559523809
39087	0
39089	0.451388888888889
39091	0
39093	0.20312500000000003
39095	1.0191272847522848
39097	2.0
39099	0.2058614417989418
39101	0.0
39103	0.5424107142857143
39105	0
39107	0
39109	0.0
39111	0
39113	0.11675840435606061
39115	0
39117	0
39119	0.0
39121	0
39123	-0.59375
39125	0
39127	-0.9142857142857144
39129	0.0
39131	0
39133	-0.1252035002035002
39135	-2.96875
39137	0
39139	0.0
39141	-0.125
39143	0
39145	0
39147	1.25
39149	0
39151	0.4693877551020408
39153	-0.04415195371077722
39155	0.0
39157	-0.8333333333333333
39159	0.3802083333333333
39161	0
39163	0
39165	0.6081439393939395
39167	0.5361111111111111
39169	-0.75
39171	0.03125000000000003
39173	-0.07500000000000002
39175	0
40001	-1.75
40003	0
40005	0
40007	0
40009	0
40011	0
40013	0
40015	0.0
40017	0
40019	0
40021	2.7755575615628914e-16
40023	0
40025	0.008213742748181567
40027	0.0
40029	0
40031	0.18039772727272727
40033	0
40035	0
40037	-0.4360532407407407
40039	-0.08333333333333331
40041	-3.5
40043	0
40045	0
40047	0
40049	0
40051	0.0913725549142216
40053	0
40055	0
40057	0
40059	0
40061	0
40063	-0.02777777777777779
40065	1.0
40067	0
40069	0
40071	-1.7499999999999996
40073	0
40075	0
40077	0
40079	0.0
40081	0
40083	2.766666666666667
40085	0
40087	-0.20008680555555558
40089	0
40091	0
40093	0
40095	0
40097	0
40099	0
40101	0
40103	0
40105	0
40107	0
40109	0.2566277472527473
40111	0
40113	0
40115	0.25
40117	0
40119	0.5022321428571429
40121	0
40123	0
40125	0
40127	0
40129	0
40131	0.0
40133	0
40135	0
40137	2.5
40139	0
40141	0
40143	0.3393077377731395
40145	0
40147	0
40149	0
40151	0
40153	0
41001	0
41003	-0.421875
41005	0.17911255411255414
41007	0
41009	-1.2592592592592593
41011	1.5597563244047619
41013	-1.0
41015	0
41017	0.7
41019	0.0
41021	0
41023	0
41025	0
41027	0
41029	-0.018518518518518528
41031	0
41033	0.0
41035	0
41037	0
41039	-0.06895780723905724
41041	0
41043	0.7859848484848485
41045	0.5338541666666667
41047	0.03125
41049	0
41051	-0.10958758503401357
41053	0.4166666666666667
41055	0
41057	4.0
41059	0
41061	0.0
41063	0
41065	0
41067	0.08688886040859722
41069	0
41071	-2.0
42001	0.875
42003	-0.3022119149723318
42005	0
42007	0.25430402930402934
42009	0
42011	-0.34259259259259256
42013	0
42015	1.9999999999999998
42017	-0.07386363636363637
42019	0.34027777777777785
42021	-0.28125000000000006
42023	0
42025	0.0
42027	-0.3605283605283605
42029	0.626855891504329
42031	-0.0625
42033	0.9765625
42035	0.5
42037	0.23611111111111108
42039	0.0
42041	0.5852272727272727
42043	0.279320987654321
42045	0.11293052812449367
42047	0
42049	-0.25625000000000003
42051	-3.8671875
42053	0
42055	-0.6071428571428571
42057	0
42059	0.18332394627837864
42061	0.0
42063	0.0625
42065	0.9765625
42067	0
42069	0.7492897727272727
42071	-0.5133928571428571
42073	2.5
42075	0
42077	-0.5230850831494215
42079	-0.4807692307692308
42081	0
42083	1.125
42085	0
42087	0
42089	0.0
42091	-0.1381929539644383
42093	0
42095	0
42097	0
42099	0
42101	-0.17485754985754987
42103	0
42105	0
42107	0
42109	0.0
42111	0.45833333333333326
42113	0
42115	-0.28645833333333337
42117	0
42119	0
42121	-3.3749999999999996
42123	0
42125	0.2512784090909091
42127	0
42129	0.07703754578754576
42131	0
42133	-0.21428571428571427
44001	-1.111111111111111
44003	0.27380952380952384
44005	-1.0208333333333333
44007	0.20921613109113105
44009	0.8519965277777778
45001	0
45003	0.25
45005	0
45007	0.4166666666666667
45009	0
45011	0
45013	-0.09920634920634921
45015	0
45017	0
45019	0.09284547152194204
45021	0.0
45023	0
45025	0
45027	0
45029	0
45031	0
45033	0
45035	-0.1433552883748196
45037	0
45039	0
45041	0.13888888888888887
45043	-0.336489898989899
45045	0.21228298611111115
45047	2.107142857142857
45049	0
45051	0.41911764705882354
45053	0
45055	0.78125
45057	0.0
45059	0
45061	0
45063	0.06041666666666665
45065	0
45067	0
45069	0
45071	0
45073	-1.0
45075	-1.75
45077	-1.0
45079	1.4285714285714284
45081	0
45083	0.43749999999999994
45085	0.5
45087	0
45089	0
45091	0.41562394056746477
46003	0
46005	0
46007	0
46009	0
46011	0
46013	0.0
46015	0
46017	0
46019	0
46021	0
46023	0
46025	0
46027	0.4583333333333333
46029	0
46031	0
46033	0
46035	0.0
46037	0
46039	0
46041	0
46043	0
46045	0
46047	0
46049	0
46051	0
46053	0
46055	0
46057	0
46059	0
46061	0
46063	-1.25
46065	0
46067	0
46069	0
46071	0
46073	0
46075	0
46077	0
46079	0
46081	0
46083	0.09114583333333337
46085	0
46087	0.2890093537414966
46089	0
46091	0
46093	1.902777777777778
46095	0
46097	0
46099	1.6666666666666665
46101	0
46102	0
46103	1.9416666666666669
46105	0
46107	0
46109	0
46111	0
46115	0
46117	0
46119	0
46121	0
46123	0
46125	0.2890093537414966
46127	0
46129	0
46135	0
46137	0
47001	0
47003	4.0
47005	0
47007	0
47009	0.05902777777777777
47011	1.125
47013	0
47015	0
47017	0
47019	0
47021	0
47023	0
47025	-0.017634081704203663
47027	0.0
47029	0.9638888888888889
47031	0
47033	0
47035	0
47037	0.24931607112541992
47039	0
47041	0
47043	-1.25
47045	0
47047	0
47049	0
47051	0
47053	2.0
47055	0
47057	0
47059	-0.75
47061	0
47063	0
47065	0.2
47067	0
47069	0
47071	0
47073	-1.517857142857143
47075	-1.5
47077	0
47079	0
47081	0
47083	0
47085	0
47087	0
47089	-2.0
47091	0
47093	0.12739583333333337
47095	0
47097	0
47099	0
47101	0
47103	0
47105	0.29337121212121214
47107	0
47109	0
47111	0
47113	0.0
47115	0
47117	0
47119	-0.00617559523809524
47121	0
47123	0
47125	-0.15
47127	0.0
47129	0
47131	0
47133	0
47135	0
47137	0
47139	0
47141	-3.0
47143	0.42361111111111116
47145	1.5833333333333335
47147	0.5
47149	0.022435897435897443
47151	0
47153	0
47155	1.5227272727272727
47157	-0.09882680976430974
47159	0
47161	0
47163	0.125
47165	-1.0
47167	1.0
47169	0
47171	0
47173	0
47175	0
47177	0
47179	-0.1931818181818182
47181	0
47183	0
47185	-3.0
47187	0.2271159451659451
47189	-0.6
48001	0.8333333333333334
48003	0
48005	-1.875
48007	0
48009	0.46875
48011	0
48013	0.0355726112846366
48015	0
48017	0
48019	0
48021	0
48023	0
48025	4.8828125
48027	-0.06785714285714287
48029	0.14192708333333331
48031	0
48033	0
48035	0
48037	0.7142857142857143
48039	0.1961527035056447
48041	-0.04166666666666666
48043	-0.7777777777777779
48045	0
48047	0
48049	0
48051	-0.2595486111111111
48053	0
48055	0.19246031746031736
48057	0
48059	0
48061	1.6666666666666667
48063	0
48065	0
48067	0.012344624186729438
48069	0
48071	0
48073	0
48075	0
48077	0
48079	0.315705834803057
48081	0
48083	0.0
48085	-0.20381030701754388
48087	0
48089	0
48091	0.755952380952381
48093	0
48095	0
48097	0
48099	4.0
48101	0
48103	0
48105	0
48107	0
48109	0
48111	0
48113	0.05831230041518853
48115	0
48117	0
48119	0
48121	0.12865136567393506
48123	0
48125	0
48127	0
48129	0
48131	0
48133	0
48135	0.3515151515151515
48137	0
48139	-1.7357954545454546
48141	0.0
48143	0.029017857142857137
48145	0
48147	0
48149	0
48151	0
48153	0
48155	0
48157	-0.027001196682312475
48159	0
48161	0
48163	0
48165	0
48167	0.4697691197691198
48169	0
48171	0
48173	0
48175	0
48177	0
48179	0
48181	-3.25
48183	0.0
48185	0
48187	-1.1022727272727273
48189	0.0
48191	0
48193	0
48195	0
48197	0
48199	0.0
48201	-0.09919870488149599
48203	0
48205	0
48207	0
48209	0.14778930965882728
48211	0
48213	1.4285714285714284
48215	0.03923872180451129
48217	0
48219	0
48221	0.40907118055555564
48223	0
48225	0.0
48227	0.0
48229	0
48231	1.25
48233	0
48235	0
48237	0
48239	0
48241	0
48243	0
48245	-0.0583166221033868
48247	0
48249	-1.5
48251	-0.4563492063492064
48253	0
48255	0
48257	0.25
48259	1.0
48261	0
48263	0
48265	-1.25
48267	0
48269	0
48271	0
48273	0
48275	0
48277	0.0
48279	0
48281	0
48283	0
48285	0
48287	0
48289	0
48291	0
48293	0
48295	0
48297	0
48299	0
48301	0
48303	-0.06410256410256408
48305	0
48307	0
48309	-0.4263392857142857
48311	0
48313	0
48315	0
48317	0
48319	0
48321	0
48323	-0.9444444444444446
48325	0
48327	0
48329	3.0833333333333335
48331	0
48333	0
48335	0.0
48337	0
48339	0.19097222222222224
48341	0
48343	0
48345	0
48347	0.1130952380952381
48349	0.0
48351	0
48353	0
48355	0.1121212121212121
48357	0
48359	0
48361	-1.4791666666666667
48363	-0.625
48365	0
48367	-1.138888888888889
48369	0
48371	1.6741071428571428
48373	0
48375	0
48377	0
48379	0
48381	0.6666666666666667
48383	0
48385	0
48387	0
48389	1.1111111111111114
48391	0
48393	0
48395	-1.6666666666666665
48397	-0.12500000000000022
48399	0
48401	0.5
48403	0
48405	0
48407	0
48409	0
48411	-0.5
48413	0
48415	0
48417	0
48419	0
48421	0
48423	0.22509920634920633
48425	0
48427	0
48429	0
48431	0
48433	0
48435	0
48437	0
48439	-0.12795288478882233
48441	-1.2638888888888888
48443	0
48445	0
48447	0
48449	0
48451	-3.9999999999999996
48453	-0.24109971108326375
48455	0
48457	0
48459	0
48461	0
48463	0
48465	0
48467	0
48469	0.5416666666666666
48471	-0.5
48473	-0.5
48475	0
48477	0
48479	0
48481	0
48483	0
48485	0.34027777777777773
48487	0
48489	0
48491	0.13370989076634238
48493	0
48495	1.75
48497	0.0982142857142857
48499	0
48501	0
48503	0
48505	0
48507	0
49001	0
49003	0
49005	-0.06903698979591834
49007	0
49009	0
49011	-0.2680375180375181
49013	0
49015	0
49017	0
49019	0
49021	-0.08333333333333331
49023	0
49025	0
49027	0
49029	0
49031	0
49033	0
49035	-0.20574959150326796
49037	-0.3213854382332641
49039	-0.35416666666666663
49041	0
49043	-0.26666666666666666
49045	0.0
49047	0
49049	0.4435763888888889
49051	0
49053	0.5081458719851575
49055	0
49057	-0.06405895691609974
50001	0
50003	0
50005	0
50007	-0.07717103298999853
50009	0
50011	0
50013	0
50015	0
50017	0
50019	0
50021	-0.712121212121212
50023	2.0
50025	3.5
50027	-0.8333333333333334
51001	0
51003	0.6647727272727274
51005	0
51007	0
51009	0
51011	0
51013	0
51015	-0.17897727272727273
51017	0
51019	0
51021	0
51023	0
51025	0
51027	0
51029	0
51031	1.0104166666666667
51033	0
51035	0
51036	0
51037	0
51041	-0.27102229780801196
51043	0
51045	0
51047	-2.0
51049	0
51051	0
51053	2.5
51057	0
51059	0.1348105752373942
51061	0.3713699494949495
51063	0
51065	0.0
51067	0
51069	0.0
51071	0
51073	0
51075	-0.27083333333333337
51077	-0.7500000000000001
51079	0
51081	0
51083	0
51085	0
51087	-0.32967836257309946
51089	-0.25
51091	0
51093	0.903138528138528
51095	-1.3333333333333333
51097	0
51099	0
51101	0
51103	0
51105	0
51107	-0.6770833333333333
51109	0
51111	0
51113	0
51115	0
51117	0
51119	0
51121	2.3854166666666665
51125	0
51127	0
51131	0
51133	0
51135	0
51137	0
51139	-1.1666666666666667
51141	0
51143	0.0
51145	-0.02380952380952382
51147	-2.5
51149	0.0
51153	0.1786180773249739
51155	0
51157	0
51159	0
51161	-0.5515873015873016
51163	0.07730497789833235
51165	-0.5625
51167	1.8984375
51169	0
51171	0.0
51173	0
51175	0
51177	0.16666666666666666
51179	0
51181	0
51183	0
51185	-1.0625
51187	0
51191	0
51193	0
51195	0
51197	0
51199	0.5
51510	0.15330819585691707
51520	0
51530	0
51540	0.6647727272727273
51550	-0.03204055059523809
51570	0
51580	0
51590	0
51595	0
51600	0.6944444444444445
51610	0
51620	0
51630	0
51640	0
51650	0
51660	-0.5625
51670	0
51678	0
51680	0
51683	0
51685	0
51690	0
51700	0
51710	0
51720	0
51730	1.625
51735	0
51740	-0.1841824494949495
51750	0
51760	0.06481481481481481
51770	-1.9513888888888888
51775	0
51790	0.0
51800	0.0
51810	0
51820	0
51830	0
51840	0
53001	0
53003	0
53005	0.7500000000000001
53007	0.2421875
53009	0
53011	1.3814183501683501
53013	0
53015	-1.5
53017	0
53019	0
53021	0
53023	0
53025	-1.6276041666666663
53027	0
53029	0
53031	0
53033	-0.09105426532084694
53035	0.35842985842985836
53037	-0.75
53039	0
53041	0.0
53043	0
53045	0
53047	0.8333333333333334
53049	-0.9166666666666667
53051	0
53053	0.20693960511033682
53055	0
53057	0.0
53059	0
53061	-0.5381085927960928
53063	0.5534060846560847
53065	0
53067	0.3483333333333333
53069	0
53071	0
53073	1.4696180555555556
53075	0.4761904761904761
53077	0.2321428571428571
54001	0
54003	-0.40104166666666663
54005	0
54007	0
54009	0
54011	-0.6601731601731603
54013	0
54015	0
54017	0
54019	-0.2244318181818182
54021	0
54023	0
54025	0
54027	0
54029	0.5
54031	0
54033	0.0
54035	0
54037	0
54039	0.7583333333333333
54041	0
54043	0
54045	-2.0
54047	0
54049	0
54051	0.17414700613713782
54053	0
54055	0
54057	0
54059	0
54061	0.300925925925926
54063	0
54065	0
54067	0
54069	0
54071	0
54073	0
54075	0
54077	0
54079	0
54081	0.0
54083	-4.0
54085	0
54087	0
54089	0
54091	0
54093	0
54095	0
54097	0.0
54099	-0.234375
54101	0
54103	0.17414700613713782
54105	0
54107	0.40208333333333335
54109	0
55001	-0.9375
55003	0
55005	0
55007	0
55009	-0.7513020833333334
55011	0
55013	0
55015	0.41666666666666663
55017	0
55019	0
55021	4.25
55023	0
55025	0.7252747252747253
55027	0
55029	0
55031	2.0
55033	-2.0
55035	-5.0
55037	0
55039	0.2578125
55041	0
55043	0
55045	0
55047	0.5277777777777778
55049	0
55051	0
55053	0
55055	0.0
55057	-1.7499999999999996
55059	0.4490740740740741
55061	0
55063	0
55065	0
55067	0
55069	0
55071	-0.38461538461538464
55073	0
55075	0
55077	0
55078	0
55079	0.27704063227022413
55081	0
55083	0
55085	1.7857142857142856
55087	-0.5
55089	1.25
55091	0
55093	0.0
55095	0
55097	4.0
55099	0
55101	-0.1471643518518518
55103	-1.25
55105	0.08957671957671962
55107	0
55109	0
55111	0
55113	1.4285714285714284
55115	0
55117	0.06815476190476191
55119	0
55121	0
55123	0
55125	0
55127	0.03732048374905518
55129	0
55131	0
55133	0.35681040092804805
55135	0
55137	0
55139	0.3694298914469369
55141	-0.8854166666666666
56001	0
56003	0
56005	0.25
72015	0
72017	0
72019	0
72021	0
72023	0
72025	0
72027	0
72029	0
72031	0
72033	0
72035	0
72037	0
72039	0
72041	0
72043	0
72045	0
72047	0
72049	0
72051	0
72053	0
72054	0
72055	0
72057	0
72059	0
72061	0
72063	0
72065	0
72067	0
72069	0
72071	0
72073	0
72075	0
72077	0
72079	0
72081	0
72083	0
72085	0
72087	0
72089	0
72091	0
72093	0
72095	0
72097	0
72099	0
72101	0
72103	0
72105	0
72107	0
72109	0
72111	0
72113	0
72115	0
72117	0
72119	0
72121	0
72123	0
72125	0
72127	0
72129	0
72131	0
72133	0
72135	0
72137	0
72139	0
72141	0
72143	0
72145	0
72147	0
72149	0
72151	0
72153	0
56007	0
56009	0
56011	0
56013	-4.0
56015	-1.5625
56017	0
56019	0
56021	0
56023	0.0
56025	0
56027	0
56029	0
56031	0
56033	-1.75
56035	0
56037	0.0
56039	0.0
56041	0
56043	0
56045	0
72001	0
72003	0
72005	0
72007	0
72009	0
72011	0
72013	0
